   0.0000000e+00   0.0000000e+00   5.0000000e+04   5.0000000e+03             NaN   0.0000000e+00
   1.0000000e+00   3.3070826e+04   2.7894808e+03   5.1635247e+03   0.0000000e+00   0.0000000e+00
   2.0000000e+00   5.4832887e+04   4.9179219e+04   1.4483038e+03   1.0000000e+00   1.0000000e+00
   3.0000000e+00   7.7991546e+04   6.3982175e+04   5.9458230e+03   0.0000000e+00   0.0000000e+00
   4.0000000e+00   1.6937180e+04   8.4714342e+04   5.3602930e+03   0.0000000e+00   0.0000000e+00
   5.0000000e+00   3.3968940e+02   1.4264463e+04   3.8578464e+03   1.0000000e+00   0.0000000e+00
   6.0000000e+00   3.9419306e+03   7.4279864e+04   9.7029210e+03   1.0000000e+00   1.0000000e+00
   7.0000000e+00   4.5474014e+04   2.6849482e+04   6.4117168e+03   1.0000000e+00   0.0000000e+00
   8.0000000e+00   8.6806899e+04   5.3513119e+03   4.4098481e+03   0.0000000e+00   0.0000000e+00
   9.0000000e+00   2.3602880e+04   6.8460096e+04   8.8474796e+01   0.0000000e+00   0.0000000e+00
   1.0000000e+01   3.5987312e+04   2.1690776e+03   2.3903011e+03   1.0000000e+00   0.0000000e+00
   1.1000000e+01   5.8063150e+04   6.0162056e+04   6.5953613e+03   0.0000000e+00   0.0000000e+00
   1.2000000e+01   8.3578439e+04   5.2199361e+04   3.0030170e+03   1.0000000e+00   1.0000000e+00
   1.3000000e+01   1.3777618e+04   1.8492215e+04   4.4920889e+03   0.0000000e+00   0.0000000e+00
   1.4000000e+01   8.5280701e+04   7.3958425e+04   3.4948147e+03   0.0000000e+00   0.0000000e+00
   1.5000000e+01   3.8614441e+04   5.0390517e+04   7.0200837e+03   0.0000000e+00   0.0000000e+00
   1.6000000e+01   9.2782997e+04   3.6473222e+04   6.6208712e+03   0.0000000e+00   0.0000000e+00
   1.7000000e+01   6.8526505e+04   1.4799994e+04   2.7791225e+03   1.0000000e+00   0.0000000e+00
   1.8000000e+01   9.6903466e+04   5.8915301e+04   5.4682279e+03   0.0000000e+00   1.0000000e+00
   1.9000000e+01   6.0383161e+02   7.1091654e+04   1.7696661e+03   1.0000000e+00   1.0000000e+00
   2.0000000e+01   8.2878284e+04   9.5638427e+02   3.3257695e+03   1.0000000e+00   0.0000000e+00
   2.1000000e+01   9.4478219e+04   1.8044825e+04   9.3438179e+03   0.0000000e+00   0.0000000e+00
   2.2000000e+01   4.5820915e+04   1.3695294e+04   8.5549948e+03   0.0000000e+00   0.0000000e+00
   2.3000000e+01   5.6152290e+04   7.8326600e+04   7.5164580e+03   0.0000000e+00   0.0000000e+00
   2.4000000e+01   5.5016614e+04   2.6541680e+04   1.2711979e+03   0.0000000e+00   0.0000000e+00
   2.5000000e+01   3.5414700e+04   2.1216710e+04   4.6967880e+03   1.0000000e+00   0.0000000e+00
   2.6000000e+01   6.4047444e+02   8.3148286e+04   8.9350178e+03   1.0000000e+00   0.0000000e+00
   2.7000000e+01   4.9744239e+04   5.7063931e+04   2.3654418e+03   0.0000000e+00   1.0000000e+00
   2.8000000e+01   3.2952079e+04   6.0824865e+04   2.2639912e+03   0.0000000e+00   1.0000000e+00
   2.9000000e+01   2.7628727e+03   6.6916699e+04   9.8778441e+03   0.0000000e+00   1.0000000e+00
   3.0000000e+01   6.8851932e+04   2.4622492e+04   5.8147805e+03   0.0000000e+00   0.0000000e+00
   3.1000000e+01   3.8203035e+04   1.3680356e+04   9.6870313e+03   0.0000000e+00   0.0000000e+00
   3.2000000e+01   5.1618032e+04   2.7448932e+04   9.1966784e+03   1.0000000e+00   0.0000000e+00
   3.3000000e+01   4.7553130e+04   6.3136214e+04   6.7527925e+03   1.0000000e+00   0.0000000e+00
   3.4000000e+01   6.7233402e+04   1.4367273e+04   7.3539873e+03   1.0000000e+00   0.0000000e+00
   3.5000000e+01   5.3482158e+04   9.6564745e+04   9.1364051e+03   1.0000000e+00   0.0000000e+00
   3.6000000e+01   4.9526065e+04   4.9732017e+04   1.3254670e+02   0.0000000e+00   1.0000000e+00
   3.7000000e+01   1.2626702e+04   8.8815710e+04   8.4525737e+03   0.0000000e+00   0.0000000e+00
   3.8000000e+01   4.8457278e+04   4.7411680e+03   1.2782591e+03   1.0000000e+00   0.0000000e+00
   3.9000000e+01   8.6766398e+04   7.4993453e+04   5.3288567e+03   0.0000000e+00   0.0000000e+00
   4.0000000e+01   9.0199452e+03   5.0399885e+04   2.5699489e+03   0.0000000e+00   1.0000000e+00
   4.1000000e+01   6.7999347e+04   4.7692112e+03   3.3438990e+02   0.0000000e+00   0.0000000e+00
   4.2000000e+01   3.5419264e+04   3.6386104e+04   7.1953577e+03   1.0000000e+00   0.0000000e+00
   4.3000000e+01   7.8375964e+04   9.8022530e+04   6.3551131e+03   1.0000000e+00   0.0000000e+00
   4.4000000e+01   6.8032862e+04   8.2175034e+04   3.6306322e+03   0.0000000e+00   0.0000000e+00
   4.5000000e+01   5.1813387e+04   4.7622625e+04   1.9786600e+03   1.0000000e+00   1.0000000e+00
   4.6000000e+01   9.1535178e+04   5.6331362e+04   8.0613658e+02   1.0000000e+00   1.0000000e+00
   4.7000000e+01   1.6078314e+04   7.0358696e+04   2.1863448e+03   1.0000000e+00   1.0000000e+00
   4.8000000e+01   6.8705108e+04   1.0867812e+04   8.8917480e+03   1.0000000e+00   0.0000000e+00
   4.9000000e+01   3.4923857e+04   7.1703298e+04   1.9986253e+03   1.0000000e+00   0.0000000e+00
   5.0000000e+01   6.5951250e+03   7.8414106e+04   2.5124189e+03   0.0000000e+00   0.0000000e+00
   5.1000000e+01   1.7989640e+04   7.0855876e+03   4.7377404e+03   1.0000000e+00   0.0000000e+00
   5.2000000e+01   6.0525543e+04   2.0588696e+04   9.3528595e+02   0.0000000e+00   0.0000000e+00
   5.3000000e+01   7.5079111e+04   6.5228249e+04   9.2107902e+03   1.0000000e+00   0.0000000e+00
   5.4000000e+01   8.8308712e+04   1.0221739e+04   8.5048872e+03   0.0000000e+00   0.0000000e+00
   5.5000000e+01   2.4066241e+04   3.6698383e+04   6.5854637e+03   1.0000000e+00   1.0000000e+00
   5.6000000e+01   4.3036978e+04   5.6356033e+04   9.5246037e+03   1.0000000e+00   0.0000000e+00
   5.7000000e+01   1.4300820e+04   3.3866528e+04   3.9368320e+03   0.0000000e+00   1.0000000e+00
   5.8000000e+01   4.5801468e+04   8.7513788e+04   1.4605047e+03   1.0000000e+00   0.0000000e+00
   5.9000000e+01   7.7298702e+04   5.3830970e+04   2.1966696e+03   1.0000000e+00   0.0000000e+00
   6.0000000e+01   5.8100765e+04   8.8991533e+04   2.1999340e+03   0.0000000e+00   1.0000000e+00
   6.1000000e+01   4.4838833e+04   5.8254852e+04   7.3749346e+03   1.0000000e+00   0.0000000e+00
   6.2000000e+01   3.8943024e+04   5.1009170e+03   2.9074922e+03   0.0000000e+00   0.0000000e+00
   6.3000000e+01   4.1562545e+04   1.1018644e+04   5.2185090e+03   0.0000000e+00   0.0000000e+00
   6.4000000e+01   2.0665992e+04   4.9213484e+04   8.2875201e+03   1.0000000e+00   1.0000000e+00
   6.5000000e+01   3.7629565e+04   8.6824921e+04   3.8326321e+03   0.0000000e+00   0.0000000e+00
   6.6000000e+01   5.4462394e+03   8.1322712e+04   3.4052713e+03   1.0000000e+00   0.0000000e+00
   6.7000000e+01   8.0774330e+04   5.7884905e+04   4.2192840e+03   1.0000000e+00   0.0000000e+00
   6.8000000e+01   6.7488375e+03   3.0825866e+04   1.3946008e+03   0.0000000e+00   1.0000000e+00
   6.9000000e+01   1.9835936e+04   5.9347290e+04   4.9030142e+03   0.0000000e+00   1.0000000e+00
   7.0000000e+01   4.3420558e+04   3.3356898e+04   9.5988463e+03   0.0000000e+00   0.0000000e+00
   7.1000000e+01   3.1481701e+03   4.9220901e+04   8.6829793e+03   0.0000000e+00   1.0000000e+00
   7.2000000e+01   7.6872906e+04   8.5887953e+04   8.8229066e+03   0.0000000e+00   0.0000000e+00
   7.3000000e+01   2.6638556e+04   1.9372709e+04   4.9899063e+03   0.0000000e+00   0.0000000e+00
   7.4000000e+01   4.0187192e+04   5.1928716e+04   2.4962219e+03   0.0000000e+00   1.0000000e+00
   7.5000000e+01   3.6978972e+04   6.2570818e+04   7.4487080e+03   0.0000000e+00   0.0000000e+00
   7.6000000e+01   1.7422677e+04   6.4340968e+04   5.1618220e+03   1.0000000e+00   1.0000000e+00
   7.7000000e+01   1.3673893e+04   4.1761095e+04   2.5054024e+03   1.0000000e+00   1.0000000e+00
   7.8000000e+01   8.3601852e+02   9.9579224e+04   7.3992553e+02   1.0000000e+00   0.0000000e+00
   7.9000000e+01   5.2777192e+03   6.1974327e+04   9.3232125e+03   0.0000000e+00   1.0000000e+00
   8.0000000e+01   2.7810036e+04   5.7543804e+04   5.1238400e+03   0.0000000e+00   1.0000000e+00
   8.1000000e+01   3.4117868e+04   2.3881161e+04   6.4433294e+03   1.0000000e+00   0.0000000e+00
   8.2000000e+01   2.2289705e+04   4.2943980e+04   7.5912573e+03   0.0000000e+00   1.0000000e+00
   8.3000000e+01   8.4799733e+04   7.0649211e+04   4.8199306e+03   1.0000000e+00   0.0000000e+00
   8.4000000e+01   9.2989647e+04   1.4543003e+04   9.7398120e+03   0.0000000e+00   1.0000000e+00
   8.5000000e+01   9.7046915e+04   3.2006020e+04   5.4646212e+03   1.0000000e+00   0.0000000e+00
   8.6000000e+01   2.5636779e+04   5.1022316e+03   7.7827660e+03   0.0000000e+00   1.0000000e+00
   8.7000000e+01   4.8469567e+04   7.7541089e+04   9.5596994e+03   1.0000000e+00   0.0000000e+00
   8.8000000e+01   7.0404507e+04   2.2165413e+04   8.7959994e+03   1.0000000e+00   0.0000000e+00
   8.9000000e+01   4.8917914e+04   5.9266808e+04   9.6716783e+03   1.0000000e+00   0.0000000e+00
   9.0000000e+01   2.5376568e+04   3.3335921e+04   2.0385636e+03   1.0000000e+00   1.0000000e+00
   9.1000000e+01   2.8387182e+04   5.8660006e+04   7.2774807e+03   1.0000000e+00   1.0000000e+00
   9.2000000e+01   1.2710264e+04   6.2057931e+04   5.3748086e+03   1.0000000e+00   1.0000000e+00
   9.3000000e+01   8.1541918e+04   3.3508607e+04   7.0405877e+03   1.0000000e+00   0.0000000e+00
   9.4000000e+01   6.2798679e+04   2.2570466e+04   5.2725306e+03   1.0000000e+00   0.0000000e+00
   9.5000000e+01   3.4339588e+04   9.5111192e+04   6.2480211e+03   1.0000000e+00   1.0000000e+00
   9.6000000e+01   5.7175249e+04   4.1820152e+04   5.4847294e+03   0.0000000e+00   1.0000000e+00
   9.7000000e+01   5.4301105e+04   3.9460262e+04   6.0523276e+01   0.0000000e+00   0.0000000e+00
   9.8000000e+01   1.7423211e+04   9.6252842e+04   7.3007184e+03   0.0000000e+00   0.0000000e+00
   9.9000000e+01   5.9304299e+04   6.9326854e+04   5.5832194e+03   1.0000000e+00   0.0000000e+00
   1.0000000e+02   4.8767030e+04   8.1048040e+03   5.1001908e+03   1.0000000e+00   0.0000000e+00
   1.0100000e+02   7.7297529e+04   4.1103849e+04   1.7277048e+03   1.0000000e+00   0.0000000e+00
   1.0200000e+02   3.7957913e+03   4.5046026e+03   6.3728450e+03   1.0000000e+00   0.0000000e+00
   1.0300000e+02   4.2125312e+04   7.9590208e+04   2.9758494e+03   1.0000000e+00   0.0000000e+00
   1.0400000e+02   7.1851657e+04   9.5501633e+04   9.3292269e+03   0.0000000e+00   0.0000000e+00
   1.0500000e+02   9.5901570e+04   7.6458478e+04   7.7001765e+03   0.0000000e+00   0.0000000e+00
   1.0600000e+02   1.6816538e+04   9.7505427e+04   3.8104104e+03   0.0000000e+00   0.0000000e+00
   1.0700000e+02   1.6577290e+04   9.6971788e+04   4.6095838e+03   1.0000000e+00   0.0000000e+00
   1.0800000e+02   3.3702004e+04   5.2168378e+04   9.2302417e+01   1.0000000e+00   1.0000000e+00
   1.0900000e+02   6.7778229e+04   9.9077208e+04   5.7450308e+03   1.0000000e+00   0.0000000e+00
   1.1000000e+02   7.2252149e+04   1.6870781e+04   6.6276176e+03   1.0000000e+00   0.0000000e+00
   1.1100000e+02   3.7893286e+04   2.1976106e+04   8.8330472e+03   1.0000000e+00   0.0000000e+00
   1.1200000e+02   1.4749538e+04   2.3035914e+04   6.9656281e+03   0.0000000e+00   0.0000000e+00
   1.1300000e+02   6.9920501e+04   6.5952915e+04   3.9592389e+03   0.0000000e+00   0.0000000e+00
   1.1400000e+02   7.9218297e+03   8.2020281e+04   3.5986475e+03   1.0000000e+00   0.0000000e+00
   1.1500000e+02   9.1733489e+04   8.0140630e+04   7.7282760e+03   1.0000000e+00   0.0000000e+00
   1.1600000e+02   9.0937065e+04   4.6247083e+04   8.1832905e+03   1.0000000e+00   0.0000000e+00
   1.1700000e+02   5.5741913e+04   2.1416019e+04   8.3393927e+03   1.0000000e+00   0.0000000e+00
   1.1800000e+02   5.7832943e+04   7.2289486e+04   8.3280292e+03   0.0000000e+00   0.0000000e+00
   1.1900000e+02   5.5384452e+04   8.4680171e+04   3.9442707e+03   0.0000000e+00   0.0000000e+00
   1.2000000e+02   1.7018166e+04   9.6481517e+04   4.4059719e+02   0.0000000e+00   0.0000000e+00
   1.2100000e+02   5.3057697e+04   4.0720800e+03   3.6866358e+03   0.0000000e+00   0.0000000e+00
   1.2200000e+02   6.2703293e+04   6.9398647e+04   4.9627224e+03   0.0000000e+00   0.0000000e+00
   1.2300000e+02   2.4963253e+04   6.1351364e+04   8.0598217e+03   1.0000000e+00   1.0000000e+00
   1.2400000e+02   3.3545330e+04   3.0995196e+04   6.3456910e+03   1.0000000e+00   0.0000000e+00
   1.2500000e+02   5.0150551e+03   7.0099454e+04   6.2846108e+03   0.0000000e+00   1.0000000e+00
   1.2600000e+02   3.8451477e+04   8.6202849e+04   3.6791376e+03   0.0000000e+00   0.0000000e+00
   1.2700000e+02   4.3345274e+04   8.9030212e+04   6.5480574e+03   1.0000000e+00   0.0000000e+00
   1.2800000e+02   2.1244676e+04   7.9486245e+04   1.7717440e+03   1.0000000e+00   1.0000000e+00
   1.2900000e+02   8.8984728e+04   9.5215819e+04   1.8394713e+03   0.0000000e+00   0.0000000e+00
   1.3000000e+02   5.2101658e+04   7.7744122e+03   9.8280584e+03   0.0000000e+00   0.0000000e+00
   1.3100000e+02   8.6090002e+04   9.4924838e+03   3.5055006e+03   1.0000000e+00   0.0000000e+00
   1.3200000e+02   6.2463674e+04   9.3627663e+04   8.0874799e+03   1.0000000e+00   0.0000000e+00
   1.3300000e+02   7.0376743e+04   4.2097496e+04   4.5983589e+03   0.0000000e+00   0.0000000e+00
   1.3400000e+02   6.3473213e+04   9.4115369e+04   4.3860551e+03   0.0000000e+00   0.0000000e+00
   1.3500000e+02   7.5682169e+04   9.8843734e+04   1.9607556e+03   0.0000000e+00   0.0000000e+00
   1.3600000e+02   2.5055554e+04   5.4639527e+04   6.6581813e+03   1.0000000e+00   1.0000000e+00
   1.3700000e+02   6.1625797e+04   4.1048031e+04   9.1244990e+03   1.0000000e+00   1.0000000e+00
   1.3800000e+02   1.2676619e+04   9.3971814e+04   4.6850854e+03   0.0000000e+00   0.0000000e+00
   1.3900000e+02   1.0739533e+04   9.7177175e+04   2.3989085e+03   0.0000000e+00   0.0000000e+00
   1.4000000e+02   9.8606405e+04   2.1117218e+04   4.0997949e+03   1.0000000e+00   0.0000000e+00
   1.4100000e+02   7.7237697e+04   5.3412348e+04   5.0146530e+03   0.0000000e+00   1.0000000e+00
   1.4200000e+02   5.2285336e+04   5.5032537e+04   9.9855495e+03   1.0000000e+00   0.0000000e+00
   1.4300000e+02   3.1967949e+04   7.4307977e+04   6.9955087e+03   0.0000000e+00   0.0000000e+00
   1.4400000e+02   7.6997298e+04   3.6710427e+04   7.1461677e+03   1.0000000e+00   0.0000000e+00
   1.4500000e+02   4.1252812e+03   6.2783401e+04   4.1650774e+03   0.0000000e+00   1.0000000e+00
   1.4600000e+02   1.2845964e+04   1.0396179e+04   3.4748355e+02   1.0000000e+00   0.0000000e+00
   1.4700000e+02   4.0987998e+04   4.8282707e+03   6.7481363e+03   0.0000000e+00   0.0000000e+00
   1.4800000e+02   3.8639121e+04   5.2468638e+04   5.0224073e+03   1.0000000e+00   0.0000000e+00
   1.4900000e+02   7.6987797e+04   3.1929866e+04   8.7220395e+03   0.0000000e+00   0.0000000e+00
   1.5000000e+02   6.6337465e+04   2.6735389e+04   3.6299922e+03   0.0000000e+00   0.0000000e+00
   1.5100000e+02   3.2595019e+04   6.1803731e+04   6.4482916e+03   0.0000000e+00   0.0000000e+00
   1.5200000e+02   1.6889200e+04   2.3123399e+04   4.5224505e+03   1.0000000e+00   0.0000000e+00
   1.5300000e+02   6.2538529e+04   3.1684382e+04   9.2185407e+02   1.0000000e+00   0.0000000e+00
   1.5400000e+02   5.3691848e+04   8.2431053e+04   1.1198617e+03   1.0000000e+00   0.0000000e+00
   1.5500000e+02   4.3177809e+04   5.5910016e+04   5.3485033e+03   0.0000000e+00   0.0000000e+00
   1.5600000e+02   9.1927359e+04   7.0426460e+04   7.0298732e+02   1.0000000e+00   0.0000000e+00
   1.5700000e+02   5.1445520e+04   1.4811844e+04   9.5383532e+02   1.0000000e+00   0.0000000e+00
   1.5800000e+02   8.7644489e+04   7.9634875e+03   1.1647461e+02   1.0000000e+00   0.0000000e+00
   1.5900000e+02   3.0716943e+04   6.3299682e+04   9.9909385e+03   0.0000000e+00   0.0000000e+00
   1.6000000e+02   5.7011858e+04   2.3745693e+04   8.0019126e+03   1.0000000e+00   0.0000000e+00
   1.6100000e+02   8.0135647e+04   8.3770030e+04   2.0906870e+03   0.0000000e+00   0.0000000e+00
   1.6200000e+02   1.7694487e+04   3.8016237e+04   2.3549595e+03   0.0000000e+00   1.0000000e+00
   1.6300000e+02   1.7968590e+04   6.8227910e+04   1.6072054e+03   0.0000000e+00   1.0000000e+00
   1.6400000e+02   5.5926005e+04   9.5579081e+04   7.0462664e+03   0.0000000e+00   0.0000000e+00
   1.6500000e+02   2.5370727e+04   3.7771341e+04   2.3600786e+03   0.0000000e+00   1.0000000e+00
   1.6600000e+02   6.9899814e+04   5.5457204e+04   1.7857012e+03   1.0000000e+00   1.0000000e+00
   1.6700000e+02   3.1506725e+04   6.6477758e+04   2.9498579e+03   0.0000000e+00   0.0000000e+00
   1.6800000e+02   6.9937566e+04   8.9931609e+03   2.0324130e+03   1.0000000e+00   0.0000000e+00
   1.6900000e+02   3.6857067e+04   2.1637438e+04   1.4265996e+03   0.0000000e+00   0.0000000e+00
   1.7000000e+02   3.9684077e+04   5.6894408e+04   6.5504738e+03   1.0000000e+00   0.0000000e+00
   1.7100000e+02   4.6505464e+04   3.7606647e+04   9.3149858e+03   0.0000000e+00   1.0000000e+00
   1.7200000e+02   6.8965813e+04   5.6298635e+04   7.2409962e+03   0.0000000e+00   1.0000000e+00
   1.7300000e+02   6.2259755e+04   2.7900160e+04   7.1964953e+03   0.0000000e+00   0.0000000e+00
   1.7400000e+02   9.7005461e+04   2.4261987e+04   8.7969893e+03   1.0000000e+00   0.0000000e+00
   1.7500000e+02   5.4752314e+04   9.3041752e+04   5.7830033e+03   0.0000000e+00   1.0000000e+00
   1.7600000e+02   1.1479957e+04   6.9984088e+04   3.5858788e+02   0.0000000e+00   1.0000000e+00
   1.7700000e+02   3.0561773e+04   1.3469957e+04   9.2428591e+03   1.0000000e+00   0.0000000e+00
   1.7800000e+02   2.4636128e+03   8.3175328e+04   3.7161983e+03   1.0000000e+00   0.0000000e+00
   1.7900000e+02   9.3096050e+04   1.1678202e+04   1.4322635e+03   0.0000000e+00   0.0000000e+00
   1.8000000e+02   4.9937800e+03   4.2213260e+04   5.0886531e+03   0.0000000e+00   1.0000000e+00
   1.8100000e+02   7.7751028e+04   7.7714165e+04   1.3060037e+03   0.0000000e+00   0.0000000e+00
   1.8200000e+02   8.5287896e+04   3.9310254e+04   2.3242008e+03   0.0000000e+00   0.0000000e+00
   1.8300000e+02   4.4139686e+04   6.2558050e+04   2.6600425e+03   1.0000000e+00   0.0000000e+00
   1.8400000e+02   8.2117352e+04   3.1308140e+04   2.8839812e+03   0.0000000e+00   1.0000000e+00
   1.8500000e+02   7.1301607e+04   9.6328444e+04   3.7624310e+03   1.0000000e+00   0.0000000e+00
   1.8600000e+02   6.5026024e+04   4.0820625e+04   1.4133766e+03   1.0000000e+00   0.0000000e+00
   1.8700000e+02   9.0585254e+04   3.0234815e+04   1.3997324e+03   0.0000000e+00   0.0000000e+00
   1.8800000e+02   5.5871745e+04   7.7709870e+03   5.1123851e+03   1.0000000e+00   0.0000000e+00
   1.8900000e+02   6.1361092e+04   9.0734784e+04   9.3040698e+03   1.0000000e+00   0.0000000e+00
   1.9000000e+02   3.5080928e+04   9.0461145e+04   3.8424290e+03   0.0000000e+00   0.0000000e+00
   1.9100000e+02   5.8072228e+04   2.4316473e+04   2.2431224e+03   0.0000000e+00   0.0000000e+00
   1.9200000e+02   3.9274212e+04   3.2698895e+04   9.1778654e+03   1.0000000e+00   0.0000000e+00
   1.9300000e+02   4.8636488e+04   6.3754134e+04   2.0796496e+03   0.0000000e+00   0.0000000e+00
   1.9400000e+02   5.7582379e+04   6.4320572e+04   3.8681250e+03   0.0000000e+00   0.0000000e+00
   1.9500000e+02   8.3273306e+04   7.5412655e+04   4.4158570e+03   0.0000000e+00   0.0000000e+00
   1.9600000e+02   7.4268972e+04   8.9535372e+04   2.4838897e+03   0.0000000e+00   0.0000000e+00
   1.9700000e+02   9.0529594e+04   7.5979268e+03   6.0614549e+03   0.0000000e+00   0.0000000e+00
   1.9800000e+02   6.1702469e+04   4.7818745e+04   6.6197707e+03   0.0000000e+00   0.0000000e+00
   1.9900000e+02   2.3842031e+04   4.7349113e+04   9.5327386e+03   1.0000000e+00   1.0000000e+00
   2.0000000e+02   1.2142221e+04   5.6740423e+04   3.7333937e+03   0.0000000e+00   1.0000000e+00
   2.0100000e+02   5.9973030e+04   8.9424783e+04   4.0034349e+03   1.0000000e+00   1.0000000e+00
   2.0200000e+02   3.2436888e+03   3.8498015e+04   7.1392052e+03   0.0000000e+00   1.0000000e+00
   2.0300000e+02   3.3515583e+04   9.5223452e+04   9.9637168e+03   1.0000000e+00   1.0000000e+00
   2.0400000e+02   9.2952627e+04   6.9907921e+04   7.6093792e+03   1.0000000e+00   0.0000000e+00
   2.0500000e+02   1.2436447e+03   3.9083647e+04   1.0351804e+03   0.0000000e+00   1.0000000e+00
   2.0600000e+02   6.1417907e+04   5.0569783e+04   5.4470673e+03   0.0000000e+00   1.0000000e+00
   2.0700000e+02   5.0743424e+04   7.8895824e+04   9.7018791e+03   0.0000000e+00   0.0000000e+00
   2.0800000e+02   1.7931441e+04   4.9861989e+03   3.6470396e+03   0.0000000e+00   0.0000000e+00
   2.0900000e+02   4.7466184e+04   1.0918560e+04   7.4064773e+03   1.0000000e+00   0.0000000e+00
   2.1000000e+02   2.1122823e+04   5.4575932e+04   9.5457503e+03   0.0000000e+00   1.0000000e+00
   2.1100000e+02   6.8565202e+03   3.7901721e+04   6.8058062e+03   1.0000000e+00   1.0000000e+00
   2.1200000e+02   3.0581896e+04   1.7649525e+04   4.5644537e+02   0.0000000e+00   0.0000000e+00
   2.1300000e+02   5.9026892e+04   1.0951476e+04   6.6104723e+03   1.0000000e+00   0.0000000e+00
   2.1400000e+02   7.4420354e+04   5.5887891e+04   5.3627452e+03   0.0000000e+00   0.0000000e+00
   2.1500000e+02   3.4875390e+04   4.1542887e+04   3.4258149e+03   1.0000000e+00   1.0000000e+00
   2.1600000e+02   1.6796517e+04   9.0558461e+03   9.1884631e+03   1.0000000e+00   0.0000000e+00
   2.1700000e+02   1.9813072e+04   7.0551985e+04   8.6965787e+03   1.0000000e+00   1.0000000e+00
   2.1800000e+02   3.9588648e+04   6.6628532e+04   6.0193093e+03   0.0000000e+00   0.0000000e+00
   2.1900000e+02   9.8070949e+04   8.9959500e+04   2.6431602e+03   0.0000000e+00   0.0000000e+00
   2.2000000e+02   8.0994713e+04   2.6127302e+04   3.2143896e+03   1.0000000e+00   0.0000000e+00
   2.2100000e+02   2.9834248e+04   9.3093163e+02   8.6560397e+03   1.0000000e+00   0.0000000e+00
   2.2200000e+02   2.4180633e+04   2.4294235e+03   9.4861845e+03   1.0000000e+00   0.0000000e+00
   2.2300000e+02   5.3745203e+03   1.1274634e+04   4.3020274e+02   0.0000000e+00   1.0000000e+00
   2.2400000e+02   3.1112214e+04   1.9342180e+02   4.2055156e+03   0.0000000e+00   0.0000000e+00
   2.2500000e+02   7.3156967e+04   7.4501089e+04   7.0802891e+02   1.0000000e+00   0.0000000e+00
   2.2600000e+02   8.0651114e+04   8.8997767e+04   3.7918194e+02   0.0000000e+00   0.0000000e+00
   2.2700000e+02   6.3778243e+04   8.3147091e+04   4.3601579e+03   1.0000000e+00   0.0000000e+00
   2.2800000e+02   5.1199011e+04   3.5900764e+03   9.4949476e+03   0.0000000e+00   0.0000000e+00
   2.2900000e+02   9.0038367e+04   8.8211829e+04   7.6347680e+03   0.0000000e+00   0.0000000e+00
   2.3000000e+02   8.8135717e+04   7.0963655e+04   7.5825455e+03   0.0000000e+00   0.0000000e+00
   2.3100000e+02   4.2937553e+03   8.1072540e+04   3.6022999e+01   1.0000000e+00   0.0000000e+00
   2.3200000e+02   3.7645648e+04   2.7245489e+03   1.1748703e+03   0.0000000e+00   0.0000000e+00
   2.3300000e+02   4.2619513e+04   6.1845603e+04   5.8964829e+03   0.0000000e+00   0.0000000e+00
   2.3400000e+02   3.2233749e+04   3.1969127e+04   8.2320364e+03   0.0000000e+00   1.0000000e+00
   2.3500000e+02   1.2950832e+04   8.1678817e+03   9.2486416e+03   0.0000000e+00   0.0000000e+00
   2.3600000e+02   5.7896095e+04   8.6749741e+04   6.8788416e+03   1.0000000e+00   0.0000000e+00
   2.3700000e+02   3.2310296e+04   5.8618775e+04   5.2139637e+03   1.0000000e+00   1.0000000e+00
   2.3800000e+02   1.7195814e+04   3.1496716e+04   4.5364605e+03   0.0000000e+00   1.0000000e+00
   2.3900000e+02   3.0199780e+04   5.2316303e+04   6.2204046e+03   1.0000000e+00   1.0000000e+00
   2.4000000e+02   9.8440770e+04   4.5241206e+04   7.4570377e+03   1.0000000e+00   0.0000000e+00
   2.4100000e+02   5.2176309e+04   8.3591164e+04   4.0673688e+03   0.0000000e+00   0.0000000e+00
   2.4200000e+02   5.7444734e+04   9.2423428e+04   1.6273927e+02   0.0000000e+00   0.0000000e+00
   2.4300000e+02   7.7480527e+04   6.4495517e+03   9.9958046e+03   0.0000000e+00   1.0000000e+00
   2.4400000e+02   4.0926316e+04   4.4081409e+04   1.5117876e+03   0.0000000e+00   0.0000000e+00
   2.4500000e+02   6.1909352e+04   6.9819559e+04   1.4515987e+02   0.0000000e+00   0.0000000e+00
   2.4600000e+02   2.7724598e+04   6.2982643e+03   2.1660958e+02   1.0000000e+00   0.0000000e+00
   2.4700000e+02   7.3372755e+04   2.5581059e+04   4.2445139e+02   0.0000000e+00   0.0000000e+00
   2.4800000e+02   8.0615351e+04   6.1875601e+04   4.7625944e+03   0.0000000e+00   0.0000000e+00
   2.4900000e+02   1.2603323e+04   7.8841561e+04   8.4241146e+03   0.0000000e+00   0.0000000e+00
   2.5000000e+02   6.0551548e+04   5.5058852e+04   9.0701332e+03   0.0000000e+00   0.0000000e+00
   2.5100000e+02   6.3076271e+04   8.2058215e+04   5.1095600e+03   1.0000000e+00   0.0000000e+00
   2.5200000e+02   8.1621062e+02   7.5670375e+03   4.0019031e+03   1.0000000e+00   0.0000000e+00
   2.5300000e+02   3.1744222e+04   6.9688056e+04   5.7378731e+03   1.0000000e+00   0.0000000e+00
   2.5400000e+02   9.8358267e+04   6.1148940e+04   6.4236043e+03   1.0000000e+00   0.0000000e+00
   2.5500000e+02   3.1399786e+04   1.9033089e+04   4.8015384e+03   1.0000000e+00   0.0000000e+00
   2.5600000e+02   2.9288422e+04   8.7794267e+04   3.0487418e+03   0.0000000e+00   0.0000000e+00
   2.5700000e+02   3.7314254e+04   5.4683352e+03   9.1823053e+03   1.0000000e+00   1.0000000e+00
   2.5800000e+02   8.2967030e+04   2.5385320e+04   9.6351908e+03   1.0000000e+00   1.0000000e+00
   2.5900000e+02   6.5609348e+03   8.2084250e+04   4.4592762e+03   0.0000000e+00   0.0000000e+00
   2.6000000e+02   2.4260952e+04   1.7811562e+04   1.8011827e+03   0.0000000e+00   0.0000000e+00
   2.6100000e+02   8.8293980e+04   7.1939333e+04   3.2258150e+03   1.0000000e+00   0.0000000e+00
   2.6200000e+02   6.9376988e+04   6.4189395e+04   7.5921114e+02   0.0000000e+00   0.0000000e+00
   2.6300000e+02   5.7180770e+04   8.2092141e+04   2.4363138e+03   0.0000000e+00   0.0000000e+00
   2.6400000e+02   5.9545059e+04   1.3390953e+04   9.6968660e+02   0.0000000e+00   0.0000000e+00
   2.6500000e+02   5.7631841e+04   6.7533960e+04   7.3464239e+03   1.0000000e+00   0.0000000e+00
   2.6600000e+02   8.9394083e+04   3.7312376e+04   4.5951533e+03   1.0000000e+00   0.0000000e+00
   2.6700000e+02   3.4300961e+04   7.1094356e+04   5.2027027e+03   1.0000000e+00   0.0000000e+00
   2.6800000e+02   8.2274883e+04   2.8685343e+04   6.4043321e+02   0.0000000e+00   0.0000000e+00
   2.6900000e+02   8.0482773e+04   8.8542250e+04   6.6440077e+03   1.0000000e+00   0.0000000e+00
   2.7000000e+02   6.2841373e+04   8.9724476e+04   6.3342325e+03   1.0000000e+00   0.0000000e+00
   2.7100000e+02   5.0460231e+04   2.2606742e+04   8.3894588e+03   0.0000000e+00   0.0000000e+00
   2.7200000e+02   7.6369705e+04   2.8851827e+04   4.8718445e+02   0.0000000e+00   0.0000000e+00
   2.7300000e+02   7.7354575e+04   4.8071314e+04   8.6037331e+03   0.0000000e+00   0.0000000e+00
   2.7400000e+02   8.3724502e+03   6.3637567e+04   8.1384392e+03   1.0000000e+00   1.0000000e+00
   2.7500000e+02   1.2420489e+04   7.5217174e+04   2.5388341e+03   1.0000000e+00   0.0000000e+00
   2.7600000e+02   9.1727313e+04   4.3766844e+04   1.3850171e+03   1.0000000e+00   0.0000000e+00
   2.7700000e+02   8.4622625e+04   5.4843032e+04   7.8074904e+03   0.0000000e+00   0.0000000e+00
   2.7800000e+02   5.0065137e+04   5.6062455e+04   5.6065492e+03   0.0000000e+00   0.0000000e+00
   2.7900000e+02   8.6181054e+03   4.5578113e+04   7.4587459e+02   1.0000000e+00   1.0000000e+00
   2.8000000e+02   8.7842387e+04   9.4633234e+04   3.1608895e+03   0.0000000e+00   0.0000000e+00
   2.8100000e+02   1.2288731e+04   9.8760413e+04   8.0219452e+03   1.0000000e+00   0.0000000e+00
   2.8200000e+02   4.5591775e+04   6.1669898e+04   6.4310266e+03   0.0000000e+00   0.0000000e+00
   2.8300000e+02   9.8776897e+04   2.5796635e+04   1.9796095e+03   0.0000000e+00   0.0000000e+00
   2.8400000e+02   6.9129150e+04   4.2027769e+04   6.4205314e+03   1.0000000e+00   0.0000000e+00
   2.8500000e+02   1.0071540e+04   4.2654559e+04   9.8075179e+03   1.0000000e+00   1.0000000e+00
   2.8600000e+02   7.5951608e+04   6.2797790e+04   4.3440723e+03   0.0000000e+00   0.0000000e+00
   2.8700000e+02   7.7406110e+04   8.8536835e+04   2.4770437e+03   1.0000000e+00   0.0000000e+00
   2.8800000e+02   5.8196774e+04   6.7621580e+04   5.2780556e+03   1.0000000e+00   1.0000000e+00
   2.8900000e+02   2.0023057e+04   1.6713059e+04   1.0624748e+03   1.0000000e+00   0.0000000e+00
   2.9000000e+02   1.8128052e+04   7.2642807e+04   7.4512820e+03   0.0000000e+00   0.0000000e+00
   2.9100000e+02   9.3609660e+03   3.5467071e+04   9.8882861e+03   0.0000000e+00   1.0000000e+00
   2.9200000e+02   7.9844400e+04   2.2731784e+04   5.6687648e+03   1.0000000e+00   0.0000000e+00
   2.9300000e+02   2.4954931e+04   1.2245509e+04   8.6175599e+03   0.0000000e+00   1.0000000e+00
   2.9400000e+02   2.1191773e+04   5.7198475e+04   6.8512842e+03   0.0000000e+00   1.0000000e+00
   2.9500000e+02   9.5727330e+04   8.6232954e+04   6.3998052e+03   1.0000000e+00   0.0000000e+00
   2.9600000e+02   4.9849736e+04   8.9673632e+04   7.2646437e+03   1.0000000e+00   0.0000000e+00
   2.9700000e+02   5.5990498e+04   9.0459646e+04   6.9412019e+03   0.0000000e+00   0.0000000e+00
   2.9800000e+02   1.2994206e+04   4.2417927e+04   7.7526074e+03   1.0000000e+00   1.0000000e+00
   2.9900000e+02   8.6675582e+04   9.4222973e+04   1.2486475e+03   1.0000000e+00   0.0000000e+00
   3.0000000e+02   1.4785768e+04   9.1416678e+03   8.4125854e+03   1.0000000e+00   0.0000000e+00
   3.0100000e+02   7.7531436e+04   8.9011655e+04   6.5198730e+03   0.0000000e+00   0.0000000e+00
   3.0200000e+02   9.3832628e+04   5.9556160e+04   4.0517961e+03   0.0000000e+00   1.0000000e+00
   3.0300000e+02   1.6612273e+04   4.6538567e+04   9.9425666e+03   0.0000000e+00   1.0000000e+00
   3.0400000e+02   9.3136485e+04   4.1980301e+04   2.7117743e+03   1.0000000e+00   0.0000000e+00
   3.0500000e+02   9.9209174e+04   6.7778139e+04   1.3094521e+03   1.0000000e+00   0.0000000e+00
   3.0600000e+02   4.9728728e+04   5.1092032e+04   3.3119565e+03   0.0000000e+00   0.0000000e+00
   3.0700000e+02   7.8913092e+04   3.3989997e+04   7.4279655e+03   1.0000000e+00   0.0000000e+00
   3.0800000e+02   6.7115876e+04   1.8383648e+04   4.8047228e+03   1.0000000e+00   0.0000000e+00
   3.0900000e+02   5.6130590e+04   1.7909318e+04   2.8587499e+03   1.0000000e+00   0.0000000e+00
   3.1000000e+02   2.4368113e+04   9.4804143e+04   4.1767997e+03   0.0000000e+00   0.0000000e+00
   3.1100000e+02   1.9161964e+04   6.5574663e+04   3.7411955e+03   0.0000000e+00   1.0000000e+00
   3.1200000e+02   5.4675074e+04   4.0816625e+04   5.9590442e+03   1.0000000e+00   0.0000000e+00
   3.1300000e+02   7.5995247e+04   9.6712795e+04   8.3066839e+02   0.0000000e+00   0.0000000e+00
   3.1400000e+02   9.0119683e+04   3.6042965e+04   2.4154959e+03   1.0000000e+00   0.0000000e+00
   3.1500000e+02   6.2866190e+04   6.2652556e+04   8.8240886e+03   0.0000000e+00   0.0000000e+00
   3.1600000e+02   4.6155268e+04   4.0676479e+04   9.9988666e+03   0.0000000e+00   0.0000000e+00
   3.1700000e+02   6.8928761e+04   3.0820897e+04   1.6791556e+02   1.0000000e+00   0.0000000e+00
   3.1800000e+02   4.4150938e+04   1.1423669e+04   9.4517320e+03   0.0000000e+00   0.0000000e+00
   3.1900000e+02   9.4169245e+04   3.8845706e+04   4.7120145e+03   0.0000000e+00   0.0000000e+00
   3.2000000e+02   9.1263114e+04   7.9708713e+03   6.0445304e+03   0.0000000e+00   0.0000000e+00
   3.2100000e+02   6.0522376e+04   1.0871665e+04   1.9573673e+03   1.0000000e+00   0.0000000e+00
   3.2200000e+02   6.1733175e+04   2.1808572e+04   2.5616747e+03   1.0000000e+00   0.0000000e+00
   3.2300000e+02   9.0010490e+04   4.1691083e+04   4.5448319e+03   0.0000000e+00   1.0000000e+00
   3.2400000e+02   7.2849192e+03   1.0220522e+04   2.7223636e+03   1.0000000e+00   0.0000000e+00
   3.2500000e+02   7.1634130e+04   9.1664069e+04   7.4320249e+03   1.0000000e+00   0.0000000e+00
   3.2600000e+02   6.1012303e+04   3.5504709e+04   8.1141501e+03   1.0000000e+00   1.0000000e+00
   3.2700000e+02   4.3244593e+04   2.6218791e+04   6.0677259e+03   0.0000000e+00   0.0000000e+00
   3.2800000e+02   5.8011374e+04   7.2299289e+04   3.1132388e+03   1.0000000e+00   0.0000000e+00
   3.2900000e+02   4.2755781e+04   2.6627693e+04   3.4355019e+03   0.0000000e+00   0.0000000e+00
   3.3000000e+02   1.9362371e+04   8.8338748e+04   5.5191198e+03   0.0000000e+00   0.0000000e+00
   3.3100000e+02   7.5938204e+03   8.1369008e+04   8.8297999e+03   1.0000000e+00   0.0000000e+00
   3.3200000e+02   3.6785680e+04   9.2307653e+04   1.9889171e+03   0.0000000e+00   0.0000000e+00
   3.3300000e+02   1.3001551e+04   5.1354519e+03   7.2227078e+03   1.0000000e+00   0.0000000e+00
   3.3400000e+02   5.2320949e+04   9.6528350e+04   3.0602374e+03   1.0000000e+00   0.0000000e+00
   3.3500000e+02   6.4957835e+04   3.9674610e+04   6.1734138e+03   0.0000000e+00   0.0000000e+00
   3.3600000e+02   3.7177979e+04   1.9732704e+04   5.3388403e+03   1.0000000e+00   0.0000000e+00
   3.3700000e+02   3.0455751e+04   3.6864121e+04   1.3094123e+03   0.0000000e+00   1.0000000e+00
   3.3800000e+02   5.4598663e+04   5.2520900e+04   7.9120389e+03   1.0000000e+00   0.0000000e+00
   3.3900000e+02   7.9785414e+04   1.6714430e+04   6.2609938e+03   1.0000000e+00   0.0000000e+00
   3.4000000e+02   7.3028230e+04   5.2430284e+04   9.7583043e+03   1.0000000e+00   1.0000000e+00
   3.4100000e+02   7.8740884e+04   6.9517161e+04   1.8232328e+03   0.0000000e+00   0.0000000e+00
   3.4200000e+02   2.5207575e+04   9.0593262e+04   3.9059292e+02   0.0000000e+00   0.0000000e+00
   3.4300000e+02   2.9829452e+04   4.1618138e+04   9.5093128e+03   1.0000000e+00   1.0000000e+00
   3.4400000e+02   1.5143115e+04   3.8007804e+04   7.8708197e+02   1.0000000e+00   1.0000000e+00
   3.4500000e+02   4.3911169e+04   2.6935923e+04   1.4195131e+03   1.0000000e+00   1.0000000e+00
   3.4600000e+02   8.1355805e+03   5.7772435e+04   5.3673443e+03   1.0000000e+00   1.0000000e+00
   3.4700000e+02   6.5644995e+04   8.4213418e+04   6.5223682e+03   0.0000000e+00   0.0000000e+00
   3.4800000e+02   3.6341605e+04   7.8730363e+04   7.7487638e+03   1.0000000e+00   1.0000000e+00
   3.4900000e+02   4.3576682e+04   6.8050748e+04   5.7201395e+03   1.0000000e+00   0.0000000e+00
   3.5000000e+02   9.3427619e+04   8.4180615e+04   4.3071395e+03   1.0000000e+00   0.0000000e+00
   3.5100000e+02   3.7119672e+04   5.0801465e+04   1.0563547e+02   0.0000000e+00   1.0000000e+00
   3.5200000e+02   3.4598327e+04   8.7503850e+02   1.4010974e+03   1.0000000e+00   0.0000000e+00
   3.5300000e+02   6.8980000e+04   2.9183262e+04   3.7132986e+03   0.0000000e+00   0.0000000e+00
   3.5400000e+02   1.3255411e+04   5.8008214e+04   2.2751641e+03   1.0000000e+00   1.0000000e+00
   3.5500000e+02   2.8952137e+04   9.7766541e+04   5.5615141e+03   1.0000000e+00   0.0000000e+00
   3.5600000e+02   8.8029009e+04   1.8690308e+04   3.0824955e+03   1.0000000e+00   0.0000000e+00
   3.5700000e+02   1.0200327e+04   6.1264921e+04   1.0086065e+03   1.0000000e+00   1.0000000e+00
   3.5800000e+02   1.4219467e+04   8.3302963e+04   2.2852850e+03   1.0000000e+00   0.0000000e+00
   3.5900000e+02   6.9428286e+04   7.4198503e+04   7.6972912e+03   0.0000000e+00   0.0000000e+00
   3.6000000e+02   8.2529344e+04   9.9987159e+04   9.9978930e+03   0.0000000e+00   1.0000000e+00
   3.6100000e+02   3.4008236e+04   9.7859569e+04   4.1655716e+03   0.0000000e+00   0.0000000e+00
   3.6200000e+02   7.8869849e+04   2.3032939e+04   8.9388377e+03   1.0000000e+00   0.0000000e+00
   3.6300000e+02   3.2465193e+04   5.5758985e+03   9.8775231e+03   1.0000000e+00   0.0000000e+00
   3.6400000e+02   9.5570156e+04   5.5724351e+04   9.6540092e+03   1.0000000e+00   0.0000000e+00
   3.6500000e+02   1.1034664e+04   3.3713951e+04   6.0928362e+03   1.0000000e+00   1.0000000e+00
   3.6600000e+02   3.0382430e+04   5.0919401e+04   7.2995239e+03   1.0000000e+00   1.0000000e+00
   3.6700000e+02   8.1512327e+03   7.5287300e+04   8.7257612e+03   1.0000000e+00   0.0000000e+00
   3.6800000e+02   8.7120670e+04   6.1363518e+04   2.8858587e+02   1.0000000e+00   0.0000000e+00
   3.6900000e+02   6.1296861e+04   5.4653606e+04   7.2340199e+03   1.0000000e+00   1.0000000e+00
   3.7000000e+02   8.8717402e+04   5.4144959e+04   3.4624812e+03   1.0000000e+00   0.0000000e+00
   3.7100000e+02   3.7858847e+04   5.9655658e+04   1.3697367e+03   0.0000000e+00   0.0000000e+00
   3.7200000e+02   6.0438751e+04   8.2498501e+04   9.1187928e+02   1.0000000e+00   0.0000000e+00
   3.7300000e+02   8.7958929e+04   6.7917126e+04   3.6962635e+01   1.0000000e+00   0.0000000e+00
   3.7400000e+02   6.1144365e+04   9.3855761e+04   1.6906465e+03   1.0000000e+00   1.0000000e+00
   3.7500000e+02   5.4294543e+04   5.7831867e+04   2.4931603e+03   1.0000000e+00   0.0000000e+00
   3.7600000e+02   1.1834418e+04   8.2784762e+04   3.9651497e+03   0.0000000e+00   0.0000000e+00
   3.7700000e+02   5.6387546e+04   4.3019251e+04   3.8883540e+03   0.0000000e+00   0.0000000e+00
   3.7800000e+02   1.9440938e+04   1.6286967e+04   5.1028930e+03   0.0000000e+00   0.0000000e+00
   3.7900000e+02   6.2414412e+04   3.9377125e+04   3.8443030e+03   0.0000000e+00   0.0000000e+00
   3.8000000e+02   1.3443732e+04   9.4899954e+04   6.8641395e+03   0.0000000e+00   1.0000000e+00
   3.8100000e+02   8.7600716e+04   5.1809914e+04   8.7829887e+00   0.0000000e+00   0.0000000e+00
   3.8200000e+02   9.8453479e+04   3.4845761e+04   5.3424294e+03   1.0000000e+00   0.0000000e+00
   3.8300000e+02   7.5281357e+04   9.6765230e+04   6.2699648e+03   0.0000000e+00   1.0000000e+00
   3.8400000e+02   9.3831946e+04   1.9035280e+04   1.6725684e+03   0.0000000e+00   0.0000000e+00
   3.8500000e+02   4.7021376e+03   2.3036377e+04   1.1202176e+03   0.0000000e+00   0.0000000e+00
   3.8600000e+02   5.8048886e+04   9.4283670e+04   8.4462738e+03   0.0000000e+00   0.0000000e+00
   3.8700000e+02   1.7164688e+04   9.9497038e+04   8.8106134e+03   1.0000000e+00   0.0000000e+00
   3.8800000e+02   7.8584844e+04   5.0847064e+04   5.5549144e+03   1.0000000e+00   0.0000000e+00
   3.8900000e+02   7.7156292e+04   3.1667439e+04   4.2635741e+03   0.0000000e+00   1.0000000e+00
   3.9000000e+02   2.5952301e+04   9.0180604e+04   7.7842595e+03   1.0000000e+00   0.0000000e+00
   3.9100000e+02   7.0294495e+04   1.7772660e+04   2.6242053e+03   1.0000000e+00   0.0000000e+00
   3.9200000e+02   5.6804151e+03   8.3220195e+04   4.7016433e+03   1.0000000e+00   0.0000000e+00
   3.9300000e+02   1.3232222e+04   4.7865860e+04   3.8135769e+02   0.0000000e+00   1.0000000e+00
   3.9400000e+02   6.7297886e+04   2.1041094e+04   4.1112397e+03   1.0000000e+00   0.0000000e+00
   3.9500000e+02   8.3641810e+04   1.4385629e+04   6.6404816e+03   1.0000000e+00   0.0000000e+00
   3.9600000e+02   8.5499578e+04   2.2840764e+04   3.0818135e+03   0.0000000e+00   0.0000000e+00
   3.9700000e+02   8.3098504e+04   5.8184951e+04   4.5136242e+03   1.0000000e+00   0.0000000e+00
   3.9800000e+02   4.4856983e+04   9.8038007e+03   5.1438466e+03   0.0000000e+00   0.0000000e+00
   3.9900000e+02   4.3592182e+04   5.9103649e+04   3.0152363e+03   1.0000000e+00   0.0000000e+00
   4.0000000e+02   7.8121949e+04   5.6339674e+04   2.1048288e+03   1.0000000e+00   0.0000000e+00
   4.0100000e+02   1.2483577e+04   2.3799374e+04   8.5195213e+03   1.0000000e+00   0.0000000e+00
   4.0200000e+02   8.9360937e+04   5.0717551e+04   8.5297613e+03   1.0000000e+00   0.0000000e+00
   4.0300000e+02   7.0621359e+04   6.0626335e+04   9.2342960e+03   1.0000000e+00   0.0000000e+00
   4.0400000e+02   7.7357240e+03   9.2173316e+04   1.9344267e+03   0.0000000e+00   0.0000000e+00
   4.0500000e+02   7.9879487e+04   7.9622636e+04   6.7905744e+03   1.0000000e+00   0.0000000e+00
   4.0600000e+02   7.2922491e+04   6.5748743e+04   1.5143149e+03   1.0000000e+00   0.0000000e+00
   4.0700000e+02   6.1503555e+04   8.8074375e+04   5.5937690e+03   0.0000000e+00   0.0000000e+00
   4.0800000e+02   4.3326157e+04   9.4227609e+03   6.2862181e+03   0.0000000e+00   0.0000000e+00
   4.0900000e+02   6.0984749e+03   9.1586683e+04   3.8784686e+03   1.0000000e+00   0.0000000e+00
   4.1000000e+02   8.9846952e+04   6.0774632e+04   6.1747981e+02   1.0000000e+00   0.0000000e+00
   4.1100000e+02   7.7024965e+04   3.1529589e+04   8.4169264e+03   0.0000000e+00   0.0000000e+00
   4.1200000e+02   4.9089705e+04   2.4184588e+03   5.4392596e+02   1.0000000e+00   0.0000000e+00
   4.1300000e+02   7.9979070e+03   9.8426869e+04   1.5144258e+03   1.0000000e+00   0.0000000e+00
   4.1400000e+02   6.8760408e+04   9.9067336e+04   1.5231510e+01   1.0000000e+00   0.0000000e+00
   4.1500000e+02   8.9594527e+04   1.3555749e+04   4.6439893e+02   1.0000000e+00   0.0000000e+00
   4.1600000e+02   3.2637275e+02   5.9654894e+04   5.4864973e+03   1.0000000e+00   1.0000000e+00
   4.1700000e+02   1.6754730e+04   5.7311991e+04   9.7946007e+03   1.0000000e+00   1.0000000e+00
   4.1800000e+02   4.3084862e+04   5.5860179e+04   2.2585927e+03   1.0000000e+00   1.0000000e+00
   4.1900000e+02   2.6736608e+04   7.5169038e+03   8.6796827e+03   1.0000000e+00   0.0000000e+00
   4.2000000e+02   6.6672048e+04   2.7342837e+03   2.8938881e+02   1.0000000e+00   0.0000000e+00
   4.2100000e+02   9.4115864e+04   5.4991697e+04   9.8098102e+03   0.0000000e+00   0.0000000e+00
   4.2200000e+02   8.8867964e+04   8.1076823e+04   5.7959538e+03   0.0000000e+00   0.0000000e+00
   4.2300000e+02   7.4883724e+04   4.5028914e+03   5.3595305e+03   0.0000000e+00   0.0000000e+00
   4.2400000e+02   7.0438506e+04   4.4724098e+04   3.7353992e+03   0.0000000e+00   0.0000000e+00
   4.2500000e+02   8.4230613e+04   5.5859521e+04   6.0729436e+03   0.0000000e+00   0.0000000e+00
   4.2600000e+02   1.9561506e+04   9.4420641e+04   5.6603494e+03   1.0000000e+00   0.0000000e+00
   4.2700000e+02   5.6174325e+04   1.5585512e+04   5.3133449e+02   1.0000000e+00   0.0000000e+00
   4.2800000e+02   1.3310017e+04   2.1288874e+04   7.6731349e+03   0.0000000e+00   0.0000000e+00
   4.2900000e+02   4.9856543e+03   7.6605682e+04   7.8618834e+03   0.0000000e+00   0.0000000e+00
   4.3000000e+02   5.9264359e+04   8.0989438e+04   6.1909388e+03   0.0000000e+00   0.0000000e+00
   4.3100000e+02   1.5328821e+04   5.5095184e+04   3.0856080e+03   0.0000000e+00   1.0000000e+00
   4.3200000e+02   3.2802346e+03   2.0958790e+04   4.6879607e+03   0.0000000e+00   0.0000000e+00
   4.3300000e+02   1.6481638e+04   2.3305106e+04   4.9549210e+03   1.0000000e+00   0.0000000e+00
   4.3400000e+02   7.0512514e+04   4.0445080e+04   4.3689464e+03   1.0000000e+00   0.0000000e+00
   4.3500000e+02   7.8516461e+04   9.4894648e+04   7.9720407e+03   0.0000000e+00   0.0000000e+00
   4.3600000e+02   8.5960978e+04   5.4507875e+04   5.4431778e+03   0.0000000e+00   1.0000000e+00
   4.3700000e+02   9.9892100e+04   7.2481746e+04   4.8195616e+03   0.0000000e+00   0.0000000e+00
   4.3800000e+02   5.5536426e+04   2.0415058e+04   5.8122955e+03   1.0000000e+00   0.0000000e+00
   4.3900000e+02   6.4189931e+04   2.8084060e+04   9.4439612e+03   0.0000000e+00   0.0000000e+00
   4.4000000e+02   3.6613732e+04   4.7019422e+04   2.3950623e+02   1.0000000e+00   1.0000000e+00
   4.4100000e+02   2.5884940e+04   9.7434172e+04   2.4371621e+03   0.0000000e+00   1.0000000e+00
   4.4200000e+02   2.1388002e+04   1.7237323e+04   5.9714870e+03   1.0000000e+00   0.0000000e+00
   4.4300000e+02   9.7028239e+04   3.6317732e+04   3.8737237e+03   1.0000000e+00   0.0000000e+00
   4.4400000e+02   9.6041423e+04   4.4969695e+04   4.2253731e+01   0.0000000e+00   0.0000000e+00
   4.4500000e+02   7.7066071e+04   4.0582158e+03   3.7016860e+03   1.0000000e+00   0.0000000e+00
   4.4600000e+02   7.6929303e+03   9.3457296e+03   5.3003777e+03   0.0000000e+00   0.0000000e+00
   4.4700000e+02   6.9106442e+04   3.8476423e+04   9.8547076e+03   0.0000000e+00   0.0000000e+00
   4.4800000e+02   7.1478520e+04   6.3324460e+04   6.9637716e+03   0.0000000e+00   0.0000000e+00
   4.4900000e+02   9.7944944e+04   1.6190319e+04   4.6072227e+03   0.0000000e+00   0.0000000e+00
   4.5000000e+02   6.3446660e+04   6.5392201e+04   4.3018068e+03   1.0000000e+00   0.0000000e+00
   4.5100000e+02   2.8496750e+04   8.0510243e+04   6.6275146e+03   1.0000000e+00   0.0000000e+00
   4.5200000e+02   7.1415255e+03   3.5277306e+04   8.5746931e+03   1.0000000e+00   1.0000000e+00
   4.5300000e+02   5.3053068e+04   4.9491003e+04   4.7060315e+03   1.0000000e+00   0.0000000e+00
   4.5400000e+02   4.7434485e+04   1.3422048e+04   9.6092380e+03   1.0000000e+00   0.0000000e+00
   4.5500000e+02   5.0595851e+04   7.7228541e+03   8.6922465e+03   0.0000000e+00   0.0000000e+00
   4.5600000e+02   1.9764752e+03   6.3278596e+03   5.4073606e+03   1.0000000e+00   0.0000000e+00
   4.5700000e+02   6.7405211e+04   5.2386394e+04   8.2982735e+03   0.0000000e+00   1.0000000e+00
   4.5800000e+02   7.1515064e+04   8.3871053e+04   2.6335057e+03   1.0000000e+00   0.0000000e+00
   4.5900000e+02   2.5670580e+03   1.0900372e+04   6.7113549e+03   1.0000000e+00   1.0000000e+00
   4.6000000e+02   1.4265626e+04   1.4905971e+04   4.0521988e+03   1.0000000e+00   0.0000000e+00
   4.6100000e+02   5.0279606e+04   5.3099359e+04   9.6773901e+02   1.0000000e+00   0.0000000e+00
   4.6200000e+02   4.9596490e+04   4.6084599e+04   1.1298950e+03   1.0000000e+00   0.0000000e+00
   4.6300000e+02   4.3513151e+04   1.7395406e+03   7.8712245e+03   0.0000000e+00   0.0000000e+00
   4.6400000e+02   9.8663507e+04   7.6029707e+04   3.8441355e+03   1.0000000e+00   0.0000000e+00
   4.6500000e+02   5.7817698e+04   5.6606260e+03   1.2503939e+03   1.0000000e+00   0.0000000e+00
   4.6600000e+02   4.6134312e+04   4.3004534e+04   1.7321224e+03   0.0000000e+00   0.0000000e+00
   4.6700000e+02   3.6861832e+04   5.4221315e+04   7.1871327e+02   1.0000000e+00   0.0000000e+00
   4.6800000e+02   4.9357607e+04   4.6701248e+04   4.3080685e+03   1.0000000e+00   0.0000000e+00
   4.6900000e+02   6.6456928e+04   8.0969168e+04   4.6747023e+03   1.0000000e+00   0.0000000e+00
   4.7000000e+02   1.2344605e+04   9.1333167e+04   2.0744836e+03   1.0000000e+00   0.0000000e+00
   4.7100000e+02   4.8605772e+04   8.2255399e+03   7.2887463e+03   1.0000000e+00   0.0000000e+00
   4.7200000e+02   7.7449843e+04   9.0802658e+04   3.2726719e+03   0.0000000e+00   0.0000000e+00
   4.7300000e+02   5.6441815e+04   2.2759528e+03   1.1089494e+03   1.0000000e+00   0.0000000e+00
   4.7400000e+02   4.4922479e+04   7.4943641e+04   3.4314845e+03   1.0000000e+00   0.0000000e+00
   4.7500000e+02   7.5924323e+04   3.1860515e+04   8.1496668e+03   1.0000000e+00   0.0000000e+00
   4.7600000e+02   6.5284467e+04   4.5506449e+04   2.9890857e+03   1.0000000e+00   1.0000000e+00
   4.7700000e+02   9.1683567e+04   9.1098882e+04   6.3889758e+03   1.0000000e+00   0.0000000e+00
   4.7800000e+02   9.2341632e+04   1.2979747e+04   6.2899201e+03   0.0000000e+00   0.0000000e+00
   4.7900000e+02   7.7965233e+04   9.8454772e+04   9.2779091e+02   1.0000000e+00   0.0000000e+00
   4.8000000e+02   5.1100473e+04   3.4939131e+04   9.0265367e+03   0.0000000e+00   0.0000000e+00
   4.8100000e+02   7.9678964e+04   3.8669140e+04   4.0062814e+03   1.0000000e+00   0.0000000e+00
   4.8200000e+02   3.2847403e+04   7.4077094e+04   6.1213548e+03   1.0000000e+00   0.0000000e+00
   4.8300000e+02   8.1940724e+04   4.1552865e+04   2.8359349e+03   0.0000000e+00   0.0000000e+00
   4.8400000e+02   4.3465922e+03   3.9769678e+04   9.8382508e+03   0.0000000e+00   1.0000000e+00
   4.8500000e+02   7.6763639e+04   6.3601133e+04   4.7616964e+03   1.0000000e+00   0.0000000e+00
   4.8600000e+02   8.1127654e+04   1.5736345e+04   1.8876593e+03   1.0000000e+00   0.0000000e+00
   4.8700000e+02   1.9647411e+04   1.6272757e+03   2.9361180e+03   1.0000000e+00   0.0000000e+00
   4.8800000e+02   8.0275832e+04   2.8063426e+04   4.8442872e+03   0.0000000e+00   0.0000000e+00
   4.8900000e+02   9.9305586e+04   6.4830162e+03   6.6745225e+03   1.0000000e+00   0.0000000e+00
   4.9000000e+02   5.1066869e+04   9.0152489e+03   9.6848291e+03   0.0000000e+00   0.0000000e+00
   4.9100000e+02   8.8672117e+04   2.3181694e+04   4.9863307e+03   0.0000000e+00   0.0000000e+00
   4.9200000e+02   8.0892903e+03   6.0927950e+04   8.2282814e+03   1.0000000e+00   1.0000000e+00
   4.9300000e+02   9.3761586e+04   1.5266790e+04   4.3771710e+03   1.0000000e+00   0.0000000e+00
   4.9400000e+02   9.5665793e+04   7.2517576e+04   4.6617445e+03   0.0000000e+00   0.0000000e+00
   4.9500000e+02   3.2150278e+04   7.3559898e+04   5.3477294e+03   0.0000000e+00   0.0000000e+00
   4.9600000e+02   3.6111155e+04   3.8936587e+04   5.1364342e+03   0.0000000e+00   0.0000000e+00
   4.9700000e+02   9.5036634e+04   6.3407541e+04   4.4153998e+03   0.0000000e+00   1.0000000e+00
   4.9800000e+02   4.7422649e+03   9.7252270e+04   1.4738689e+03   0.0000000e+00   1.0000000e+00
   4.9900000e+02   5.0818862e+04   3.6624475e+04   6.5505603e+03   0.0000000e+00   0.0000000e+00
   5.0000000e+02   8.8699642e+04   3.3756405e+04   1.4555822e+03   0.0000000e+00   0.0000000e+00
   5.0100000e+02   9.1679401e+04   5.7969384e+04   5.1469858e+03   1.0000000e+00   0.0000000e+00
   5.0200000e+02   4.0340508e+04   2.9925631e+04   6.1333101e+03   0.0000000e+00   0.0000000e+00
   5.0300000e+02   1.1392961e+04   5.6973018e+04   4.0978580e+03   1.0000000e+00   1.0000000e+00
   5.0400000e+02   4.7125085e+04   4.3994511e+03   5.1504341e+03   0.0000000e+00   0.0000000e+00
   5.0500000e+02   6.9973951e+03   7.1842272e+04   8.9139747e+03   0.0000000e+00   1.0000000e+00
   5.0600000e+02   2.7388629e+04   5.8657655e+04   2.8077262e+03   1.0000000e+00   1.0000000e+00
   5.0700000e+02   4.7445293e+04   3.2508032e+04   6.7061387e+03   1.0000000e+00   0.0000000e+00
   5.0800000e+02   9.2732143e+04   7.5383064e+04   6.0049205e+03   0.0000000e+00   0.0000000e+00
   5.0900000e+02   2.0157739e+04   6.3389169e+04   1.4621241e+03   1.0000000e+00   1.0000000e+00
   5.1000000e+02   2.3133961e+04   1.0066455e+04   2.1540729e+03   1.0000000e+00   0.0000000e+00
   5.1100000e+02   1.5333706e+04   9.1725519e+04   2.5065924e+03   0.0000000e+00   1.0000000e+00
   5.1200000e+02   3.7262738e+04   4.3303895e+03   4.4861075e+03   0.0000000e+00   0.0000000e+00
   5.1300000e+02   7.2166587e+04   5.0675560e+04   9.9043373e+03   1.0000000e+00   0.0000000e+00
   5.1400000e+02   8.9266066e+04   6.4799286e+03   4.3307733e+03   1.0000000e+00   0.0000000e+00
   5.1500000e+02   6.0914948e+04   8.3682119e+04   6.0092918e+03   1.0000000e+00   0.0000000e+00
   5.1600000e+02   7.1578080e+04   9.6960893e+04   5.9559219e+03   0.0000000e+00   1.0000000e+00
   5.1700000e+02   9.8606208e+04   7.7425410e+04   4.1540788e+03   0.0000000e+00   0.0000000e+00
   5.1800000e+02   9.2412956e+04   5.0546271e+04   3.2050138e+03   0.0000000e+00   0.0000000e+00
   5.1900000e+02   3.7094982e+04   9.9493964e+04   1.1141918e+03   0.0000000e+00   0.0000000e+00
   5.2000000e+02   7.0046915e+04   4.6424174e+04   2.6697560e+03   0.0000000e+00   0.0000000e+00
   5.2100000e+02   9.5226906e+03   5.0387459e+04   3.6442945e+03   0.0000000e+00   1.0000000e+00
   5.2200000e+02   6.1494380e+04   4.6143177e+04   8.4848485e+03   1.0000000e+00   0.0000000e+00
   5.2300000e+02   9.6354411e+04   2.3227200e+03   8.1747321e+03   0.0000000e+00   0.0000000e+00
   5.2400000e+02   4.3317242e+04   6.2101401e+04   7.8394473e+03   1.0000000e+00   0.0000000e+00
   5.2500000e+02   5.6360957e+04   8.4297125e+04   6.3981127e+03   0.0000000e+00   0.0000000e+00
   5.2600000e+02   7.3235947e+04   5.8791813e+03   7.7153659e+03   1.0000000e+00   0.0000000e+00
   5.2700000e+02   2.9628295e+03   3.8374786e+04   6.5993799e+02   0.0000000e+00   1.0000000e+00
   5.2800000e+02   9.1587915e+04   6.9456944e+04   1.8994781e+03   1.0000000e+00   1.0000000e+00
   5.2900000e+02   3.4431900e+03   6.7075269e+04   8.4628118e+03   0.0000000e+00   1.0000000e+00
   5.3000000e+02   9.1334893e+04   5.1228960e+04   3.2068703e+03   0.0000000e+00   1.0000000e+00
   5.3100000e+02   5.4434118e+04   7.2081563e+04   9.3909522e+03   0.0000000e+00   0.0000000e+00
   5.3200000e+02   9.8454722e+04   1.2474364e+04   1.9105356e+03   0.0000000e+00   0.0000000e+00
   5.3300000e+02   5.1583125e+04   8.3799820e+04   9.2789384e+03   0.0000000e+00   0.0000000e+00
   5.3400000e+02   3.5768945e+04   4.2018175e+04   7.3040462e+03   1.0000000e+00   0.0000000e+00
   5.3500000e+02   6.0923527e+04   4.8661179e+04   9.6864180e+01   1.0000000e+00   0.0000000e+00
   5.3600000e+02   1.6775299e+04   3.0876513e+04   6.1374541e+03   1.0000000e+00   1.0000000e+00
   5.3700000e+02   1.8774411e+04   8.0547751e+04   1.1611159e+03   0.0000000e+00   0.0000000e+00
   5.3800000e+02   6.6600121e+04   4.3924548e+04   6.3437496e+03   0.0000000e+00   0.0000000e+00
   5.3900000e+02   3.3074715e+04   1.3709379e+04   9.2891148e+03   1.0000000e+00   0.0000000e+00
   5.4000000e+02   4.9180210e+04   5.4559296e+04   8.0344780e+03   1.0000000e+00   0.0000000e+00
   5.4100000e+02   5.5341531e+04   6.0901679e+04   1.1239016e+03   1.0000000e+00   1.0000000e+00
   5.4200000e+02   6.8834427e+04   9.5168497e+04   2.2072097e+03   0.0000000e+00   0.0000000e+00
   5.4300000e+02   5.3736965e+04   4.5856162e+04   1.2878838e+01   0.0000000e+00   1.0000000e+00
   5.4400000e+02   1.1772002e+04   4.5290730e+03   3.8344220e+03   1.0000000e+00   0.0000000e+00
   5.4500000e+02   5.1446954e+03   2.2626681e+04   2.0539185e+03   1.0000000e+00   0.0000000e+00
   5.4600000e+02   4.2132731e+04   7.8056116e+03   5.8759861e+03   0.0000000e+00   0.0000000e+00
   5.4700000e+02   7.3892829e+04   3.6643314e+04   1.8406714e+03   0.0000000e+00   0.0000000e+00
   5.4800000e+02   6.9199002e+04   1.4365582e+04   6.7868621e+03   1.0000000e+00   1.0000000e+00
   5.4900000e+02   1.5999734e+04   8.5240913e+03   9.0902569e+03   0.0000000e+00   0.0000000e+00
   5.5000000e+02   9.9602771e+04   1.5013477e+03   5.9059361e+03   1.0000000e+00   0.0000000e+00
   5.5100000e+02   7.7730807e+04   2.2581689e+04   4.4048067e+03   0.0000000e+00   0.0000000e+00
   5.5200000e+02   1.6074274e+04   3.2512623e+04   3.6496392e+03   0.0000000e+00   1.0000000e+00
   5.5300000e+02   4.1223358e+04   2.6611714e+04   2.5376379e+03   0.0000000e+00   0.0000000e+00
   5.5400000e+02   9.5797529e+04   8.6225979e+03   4.8314180e+03   0.0000000e+00   0.0000000e+00
   5.5500000e+02   7.8885254e+04   5.2608448e+04   6.1025744e+03   1.0000000e+00   0.0000000e+00
   5.5600000e+02   6.8011464e+04   4.5139375e+04   4.9200583e+03   1.0000000e+00   1.0000000e+00
   5.5700000e+02   1.4167282e+04   2.8656298e+04   3.1768189e+03   0.0000000e+00   1.0000000e+00
   5.5800000e+02   2.4333987e+04   7.1498531e+04   6.4672344e+03   0.0000000e+00   0.0000000e+00
   5.5900000e+02   7.3751940e+04   1.6963025e+04   4.5083205e+03   0.0000000e+00   0.0000000e+00
   5.6000000e+02   9.6841585e+04   6.2987107e+04   4.6679505e+03   0.0000000e+00   0.0000000e+00
   5.6100000e+02   6.6726237e+04   6.4030657e+04   8.8256154e+03   0.0000000e+00   0.0000000e+00
   5.6200000e+02   2.4965111e+04   4.7815748e+04   4.8939860e+03   1.0000000e+00   1.0000000e+00
   5.6300000e+02   5.3131233e+03   3.0936501e+04   6.6541990e+03   0.0000000e+00   1.0000000e+00
   5.6400000e+02   4.4291879e+04   1.6093802e+04   2.5876409e+03   1.0000000e+00   0.0000000e+00
   5.6500000e+02   4.9424327e+04   1.0405904e+04   7.4274302e+03   1.0000000e+00   0.0000000e+00
   5.6600000e+02   7.5105946e+04   5.5015603e+04   2.7854144e+03   0.0000000e+00   0.0000000e+00
   5.6700000e+02   6.5884618e+04   8.0244256e+03   6.6855400e+03   1.0000000e+00   0.0000000e+00
   5.6800000e+02   1.0412531e+04   3.0317592e+04   9.3960219e+03   0.0000000e+00   1.0000000e+00
   5.6900000e+02   2.1051214e+04   6.4394271e+04   2.3403149e+03   1.0000000e+00   1.0000000e+00
   5.7000000e+02   8.9018368e+04   8.0756234e+04   7.7822222e+03   1.0000000e+00   0.0000000e+00
   5.7100000e+02   2.7070946e+04   3.4287150e+04   8.1268594e+03   0.0000000e+00   1.0000000e+00
   5.7200000e+02   4.7713990e+04   9.0716558e+04   5.9412007e+03   0.0000000e+00   0.0000000e+00
   5.7300000e+02   3.2348464e+04   3.3918998e+04   9.6581374e+02   0.0000000e+00   1.0000000e+00
   5.7400000e+02   8.1836844e+04   9.2845433e+04   8.3302452e+03   1.0000000e+00   0.0000000e+00
   5.7500000e+02   7.3269755e+04   1.4679512e+04   2.6874050e+03   1.0000000e+00   0.0000000e+00
   5.7600000e+02   7.0949230e+04   9.1944011e+04   4.5881312e+03   0.0000000e+00   0.0000000e+00
   5.7700000e+02   4.2935302e+04   8.9974590e+04   4.3741836e+03   0.0000000e+00   0.0000000e+00
   5.7800000e+02   1.1378173e+04   5.1578646e+04   8.5075493e+03   0.0000000e+00   1.0000000e+00
   5.7900000e+02   1.2858678e+04   9.3062857e+04   4.7596924e+03   1.0000000e+00   0.0000000e+00
   5.8000000e+02   6.9013294e+04   2.4758712e+04   7.8073000e+03   0.0000000e+00   0.0000000e+00
   5.8100000e+02   4.6532845e+04   6.4957242e+04   2.0841037e+03   0.0000000e+00   0.0000000e+00
   5.8200000e+02   8.7502237e+04   1.0268449e+04   8.8738703e+03   0.0000000e+00   0.0000000e+00
   5.8300000e+02   8.0222403e+04   5.6403351e+04   7.7604586e+03   0.0000000e+00   1.0000000e+00
   5.8400000e+02   6.5389969e+04   7.0581517e+04   2.1986653e+03   0.0000000e+00   0.0000000e+00
   5.8500000e+02   7.1206763e+04   2.5836329e+04   3.3268625e+03   1.0000000e+00   0.0000000e+00
   5.8600000e+02   2.3188923e+04   7.7234933e+03   5.3291212e+02   0.0000000e+00   0.0000000e+00
   5.8700000e+02   9.4322897e+04   8.8774516e+04   6.8264717e+03   0.0000000e+00   0.0000000e+00
   5.8800000e+02   4.8889146e+04   3.2753460e+04   3.6451514e+03   0.0000000e+00   0.0000000e+00
   5.8900000e+02   7.7571962e+04   8.2344042e+04   7.8394724e+03   0.0000000e+00   0.0000000e+00
   5.9000000e+02   1.9377501e+04   8.4374626e+04   3.8906943e+03   0.0000000e+00   0.0000000e+00
   5.9100000e+02   7.2566397e+03   7.0757288e+04   6.9219731e+03   1.0000000e+00   1.0000000e+00
   5.9200000e+02   5.0659967e+04   8.5773923e+04   5.4168358e+03   1.0000000e+00   1.0000000e+00
   5.9300000e+02   9.0623459e+04   3.8350975e+04   3.4878184e+03   0.0000000e+00   0.0000000e+00
   5.9400000e+02   8.0683923e+04   6.0047497e+04   4.7564476e+03   0.0000000e+00   0.0000000e+00
   5.9500000e+02   4.9229917e+04   3.1053239e+04   6.0789004e+02   0.0000000e+00   0.0000000e+00
   5.9600000e+02   2.4831339e+04   7.8179345e+04   5.0623985e+02   1.0000000e+00   0.0000000e+00
   5.9700000e+02   5.7299303e+04   9.2847764e+04   3.3052883e+03   1.0000000e+00   0.0000000e+00
   5.9800000e+02   5.5822002e+04   6.4332302e+04   9.8521548e+03   1.0000000e+00   0.0000000e+00
   5.9900000e+02   5.8144699e+04   9.0083809e+04   4.0204608e+03   1.0000000e+00   1.0000000e+00
   6.0000000e+02   1.1142642e+04   2.7456823e+04   3.7344482e+03   1.0000000e+00   1.0000000e+00
   6.0100000e+02   6.9039464e+04   7.8513866e+04   2.9947360e+03   0.0000000e+00   1.0000000e+00
   6.0200000e+02   9.6049200e+04   9.0302442e+04   3.0109690e+03   0.0000000e+00   0.0000000e+00
   6.0300000e+02   3.4066546e+04   7.1469909e+04   9.0081564e+03   1.0000000e+00   0.0000000e+00
   6.0400000e+02   9.1120304e+04   8.0297334e+04   9.1593599e+03   0.0000000e+00   0.0000000e+00
   6.0500000e+02   7.2757604e+04   9.7745637e+04   2.7973940e+03   1.0000000e+00   0.0000000e+00
   6.0600000e+02   4.2597661e+04   8.2079415e+04   3.0302951e+03   0.0000000e+00   0.0000000e+00
   6.0700000e+02   3.6706468e+04   5.8334911e+04   7.9532818e+03   0.0000000e+00   0.0000000e+00
   6.0800000e+02   4.5789201e+04   2.1191208e+04   4.4000187e+02   1.0000000e+00   0.0000000e+00
   6.0900000e+02   9.4917735e+04   8.2958725e+04   6.1696577e+03   0.0000000e+00   0.0000000e+00
   6.1000000e+02   1.4870602e+04   9.5939173e+04   8.2488362e+03   0.0000000e+00   0.0000000e+00
   6.1100000e+02   9.3009567e+04   4.5493333e+03   7.8826083e+03   1.0000000e+00   0.0000000e+00
   6.1200000e+02   1.0000000e+05   5.9652343e+04   5.0220012e+03             NaN   0.0000000e+00
