   0.0000000e+00   0.0000000e+00   5.0000000e+04   5.0000000e+03             NaN   0.0000000e+00
   1.0000000e+00   7.6009848e+04   9.7881115e+03   9.1218953e+03   1.0000000e+00   0.0000000e+00
   2.0000000e+00   2.4481991e+03   7.1599876e+04   1.8771287e+03   0.0000000e+00   0.0000000e+00
   3.0000000e+00   2.7800929e+04   1.5218072e+04   8.3454104e+03   0.0000000e+00   0.0000000e+00
   4.0000000e+00   5.0056728e+04   9.1668089e+04   1.4650923e+03   0.0000000e+00   0.0000000e+00
   5.0000000e+00   2.5311153e+04   5.1225793e+04   1.3303500e+03   0.0000000e+00   1.0000000e+00
   6.0000000e+00   6.6791684e+04   4.1837610e+04   3.4304881e+02   1.0000000e+00   0.0000000e+00
   7.0000000e+00   3.5343520e+04   9.3569366e+04   4.7515405e+03   0.0000000e+00   0.0000000e+00
   8.0000000e+00   2.8165238e+04   6.1559663e+04   5.4808117e+03   0.0000000e+00   1.0000000e+00
   9.0000000e+00   6.0241157e+04   3.2796424e+04   8.6585918e+03   0.0000000e+00   0.0000000e+00
   1.0000000e+01   1.6543856e+04   3.4014413e+04   6.0517295e+03   1.0000000e+00   0.0000000e+00
   1.1000000e+01   9.8086603e+04   9.1631130e+04   9.5926922e+03   1.0000000e+00   0.0000000e+00
   1.2000000e+01   7.4713257e+04   4.6277029e+04   5.9547647e+03   0.0000000e+00   0.0000000e+00
   1.3000000e+01   5.7039996e+04   8.0371291e+04   1.7760114e+03   0.0000000e+00   0.0000000e+00
   1.4000000e+01   3.1642270e+04   2.1510583e+03   8.4628450e+03   0.0000000e+00   0.0000000e+00
   1.5000000e+01   6.7121543e+04   1.3614732e+04   9.9150017e+03   1.0000000e+00   0.0000000e+00
   1.6000000e+01   8.4170984e+04   4.8520698e+04   6.5432298e+03   0.0000000e+00   0.0000000e+00
   1.7000000e+01   7.9986486e+04   9.8628333e+04   7.9185185e+03   0.0000000e+00   0.0000000e+00
   1.8000000e+01   7.0515224e+04   3.0753497e+04   3.3382928e+02   1.0000000e+00   0.0000000e+00
   1.9000000e+01   6.7028007e+04   7.2616159e+04   9.2198075e+03   1.0000000e+00   1.0000000e+00
   2.0000000e+01   7.0495819e+04   9.4075454e+04   5.6395136e+03   1.0000000e+00   0.0000000e+00
   2.1000000e+01   5.6319837e+04   6.1266537e+03   9.4318343e+03   1.0000000e+00   0.0000000e+00
   2.2000000e+01   9.2681147e+04   4.3116779e+04   8.7120814e+03   1.0000000e+00   0.0000000e+00
   2.3000000e+01   3.8560029e+03   9.4224950e+03   8.4552332e+03   1.0000000e+00   0.0000000e+00
   2.4000000e+01   2.4249658e+04   9.6350746e+04   9.6483623e+03   0.0000000e+00   0.0000000e+00
   2.5000000e+01   5.7358433e+04   1.0866673e+02   3.4142386e+03   1.0000000e+00   0.0000000e+00
   2.6000000e+01   1.3512546e+04   8.9996140e+03   7.1832291e+03   0.0000000e+00   0.0000000e+00
   2.7000000e+01   5.2962839e+04   9.5711526e+04   1.0340711e+03   1.0000000e+00   0.0000000e+00
   2.8000000e+01   1.1814755e+04   5.2620741e+01   6.4356477e+03   0.0000000e+00   0.0000000e+00
   2.9000000e+01   5.7786194e+04   1.3681817e+04   2.5822275e+03   0.0000000e+00   0.0000000e+00
   3.0000000e+01   3.5676614e+04   8.3265206e+04   3.9679880e+03   0.0000000e+00   0.0000000e+00
   3.1000000e+01   2.1630939e+04   4.3809573e+04   3.9938031e+03   0.0000000e+00   1.0000000e+00
   3.2000000e+01   5.2226172e+04   9.4586132e+04   5.6525528e+03   1.0000000e+00   0.0000000e+00
   3.3000000e+01   5.9129343e+04   8.0211711e+04   5.1833925e+03   0.0000000e+00   0.0000000e+00
   3.4000000e+01   9.3328502e+04   9.5547958e+04   4.2958730e+03   1.0000000e+00   0.0000000e+00
   3.5000000e+01   6.3668976e+04   8.4461740e+04   8.7913027e+03   0.0000000e+00   0.0000000e+00
   3.6000000e+01   3.7749338e+04   3.4360565e+04   6.2000096e+03   1.0000000e+00   0.0000000e+00
   3.7000000e+01   1.1248891e+04   3.3918667e+04   9.1503967e+03   1.0000000e+00   0.0000000e+00
   3.8000000e+01   8.1748546e+04   7.1186881e+04   5.3440316e+02   0.0000000e+00   0.0000000e+00
   3.9000000e+01   7.0419778e+04   4.2495236e+04   9.9690067e+03   0.0000000e+00   0.0000000e+00
   4.0000000e+01   1.3581663e+04   6.3600427e+04   1.8921438e+02   0.0000000e+00   1.0000000e+00
   4.1000000e+01   5.6370563e+04   7.3489366e+04   3.0253327e+03   1.0000000e+00   1.0000000e+00
   4.2000000e+01   5.1547944e+04   1.8628325e+04   2.0397741e+03   1.0000000e+00   0.0000000e+00
   4.3000000e+01   5.4264185e+04   6.4875335e+03   6.9966933e+03   0.0000000e+00   0.0000000e+00
   4.4000000e+01   6.3730965e+04   5.2737267e+04   7.0695126e+03   1.0000000e+00   0.0000000e+00
   4.5000000e+01   5.7201391e+04   6.2250796e+04   4.6886133e+03   0.0000000e+00   1.0000000e+00
   4.6000000e+01   5.0809705e+04   5.1850765e+04   9.5138086e+03   0.0000000e+00   1.0000000e+00
   4.7000000e+01   3.9956661e+04   4.0188177e+04   9.1004562e+03   0.0000000e+00   0.0000000e+00
   4.8000000e+01   4.5759981e+03   7.4866452e+04   2.3336857e+03   1.0000000e+00   0.0000000e+00
   4.9000000e+01   5.8214389e+04   6.5753285e+04   4.1947035e+03   0.0000000e+00   1.0000000e+00
   5.0000000e+01   7.1937111e+04   7.7174687e+04   5.5750714e+03   0.0000000e+00   0.0000000e+00
   5.1000000e+01   7.0924680e+04   4.3597786e+04   9.6472541e+03   0.0000000e+00   0.0000000e+00
   5.2000000e+01   2.7474225e+04   9.4463477e+04   8.1663054e+02   1.0000000e+00   0.0000000e+00
   5.3000000e+01   3.6119925e+04   2.9099019e+04   4.5214574e+03   0.0000000e+00   0.0000000e+00
   5.4000000e+01   4.2850352e+04   5.6098046e+04   9.8096301e+03   0.0000000e+00   1.0000000e+00
   5.5000000e+01   3.5387101e+04   1.3689903e+04   3.5665178e+03   1.0000000e+00   0.0000000e+00
   5.6000000e+01   1.3469680e+04   7.0397760e+04   6.6992593e+02   0.0000000e+00   1.0000000e+00
   5.7000000e+01   5.4183355e+04   8.8365021e+04   7.0785826e+03   0.0000000e+00   0.0000000e+00
   5.8000000e+01   2.2860634e+04   6.8012628e+04   5.4410334e+02   1.0000000e+00   1.0000000e+00
   5.9000000e+01   9.8918952e+04   7.0497351e+04   5.7339278e+03   1.0000000e+00   1.0000000e+00
   6.0000000e+01   2.4164692e+04   3.9216181e+04   8.3804809e+03   1.0000000e+00   1.0000000e+00
   6.1000000e+01   8.7932991e+04   7.2373738e+04   5.3465766e+03   0.0000000e+00   0.0000000e+00
   6.2000000e+01   6.0948680e+04   9.3142763e+04   7.9098597e+03   0.0000000e+00   0.0000000e+00
   6.3000000e+01   6.7741026e+04   5.6443862e+04   3.8870747e+02   1.0000000e+00   0.0000000e+00
   6.4000000e+01   7.6919886e+04   1.1363265e+04   3.4004205e+03   0.0000000e+00   0.0000000e+00
   6.5000000e+01   1.7735841e+04   7.8983596e+04   2.6234997e+03   1.0000000e+00   0.0000000e+00
   6.6000000e+01   3.1137687e+04   1.8883554e+03   5.4979983e+02   1.0000000e+00   0.0000000e+00
   6.7000000e+01   2.7463397e+04   9.5004050e+04   3.6076675e+03   1.0000000e+00   0.0000000e+00
   6.8000000e+01   5.6755818e+04   9.8668537e+04   6.7708216e+03   0.0000000e+00   0.0000000e+00
   6.9000000e+01   4.5269974e+04   2.0734105e+04   1.7824477e+03   0.0000000e+00   0.0000000e+00
   7.0000000e+01   6.4942514e+04   5.5054352e+04   1.3124232e+03   1.0000000e+00   0.0000000e+00
   7.1000000e+01   9.1164957e+04   5.2685525e+04   6.3098899e+03   1.0000000e+00   0.0000000e+00
   7.2000000e+01   7.8564757e+04   8.7712316e+04   3.8594404e+03   0.0000000e+00   0.0000000e+00
   7.3000000e+01   5.6926529e+04   4.1554345e+04   6.2740941e+03   1.0000000e+00   0.0000000e+00
   7.4000000e+01   1.0173531e+04   1.9262813e+04   4.5901169e+03   1.0000000e+00   0.0000000e+00
   7.5000000e+01   1.8451810e+04   6.5375749e+04   9.9210008e+03   0.0000000e+00   1.0000000e+00
   7.6000000e+01   6.4131247e+04   3.7555937e+04   1.7195906e+03   0.0000000e+00   0.0000000e+00
   7.7000000e+01   6.1969001e+04   3.2364483e+04   5.5596608e+03   0.0000000e+00   0.0000000e+00
   7.8000000e+01   2.7094853e+04   6.8478062e+03   8.8725673e+03   0.0000000e+00   0.0000000e+00
   7.9000000e+01   4.0283566e+04   4.5115838e+04   3.5403367e+03   0.0000000e+00   1.0000000e+00
   8.0000000e+01   5.7381544e+04   1.7331817e+04   5.6586090e+03   1.0000000e+00   0.0000000e+00
   8.1000000e+01   9.2697130e+04   4.4340440e+04   2.9314832e+03   1.0000000e+00   0.0000000e+00
   8.2000000e+01   6.1621195e+04   4.4398478e+04   4.6241770e+03   0.0000000e+00   0.0000000e+00
   8.3000000e+01   8.1250150e+04   3.5445469e+04   6.6915345e+03   1.0000000e+00   0.0000000e+00
   8.4000000e+01   9.1993822e+04   6.4539098e+04   3.0048651e+03   0.0000000e+00   0.0000000e+00
   8.5000000e+01   5.8269190e+04   2.5283773e+04   6.1997349e+03   1.0000000e+00   0.0000000e+00
   8.6000000e+01   5.5528566e+04   4.3267268e+04   1.2652888e+03   0.0000000e+00   0.0000000e+00
   8.7000000e+01   7.7695689e+04   9.1181255e+04   3.9638359e+02   0.0000000e+00   0.0000000e+00
   8.8000000e+01   7.3555690e+04   7.6284834e+04   6.9897446e+03   1.0000000e+00   0.0000000e+00
   8.9000000e+01   2.0201077e+04   2.9693589e+04   5.9203471e+03   1.0000000e+00   0.0000000e+00
   9.0000000e+01   4.5048500e+04   7.5139782e+04   2.0400859e+03   0.0000000e+00   0.0000000e+00
   9.1000000e+01   1.1810887e+03   6.6572819e+04   7.1881433e+03   1.0000000e+00   1.0000000e+00
   9.2000000e+01   6.9704890e+04   6.6433086e+04   4.9850542e+03   0.0000000e+00   1.0000000e+00
   9.3000000e+01   7.9005753e+04   6.8248827e+04   5.3811795e+03   1.0000000e+00   1.0000000e+00
   9.4000000e+01   3.5960356e+03   7.8492091e+04   9.8423305e+03   0.0000000e+00   0.0000000e+00
   9.5000000e+01   2.5614663e+04   3.3397226e+03   2.9923257e+03   1.0000000e+00   0.0000000e+00
   9.6000000e+01   8.3225503e+04   7.6403164e+04   7.2490589e+03   1.0000000e+00   0.0000000e+00
   9.7000000e+01   9.4019142e+04   8.4846593e+04   3.6858027e+03   0.0000000e+00   0.0000000e+00
   9.8000000e+01   6.4053333e+04   2.5762352e+04   6.1227089e+03   1.0000000e+00   0.0000000e+00
   9.9000000e+01   9.2711210e+04   7.5096715e+04   8.4845416e+02   0.0000000e+00   0.0000000e+00
   1.0000000e+02   1.9121825e+04   3.9665628e+04   5.3418403e+03   0.0000000e+00   0.0000000e+00
   1.0100000e+02   9.1373431e+04   5.2953568e+04   8.3383012e+03   1.0000000e+00   0.0000000e+00
   1.0200000e+02   7.0173421e+03   1.1899977e+03   1.0419868e+03   0.0000000e+00   0.0000000e+00
   1.0300000e+02   4.7848371e+04   3.1772099e+04   9.0092690e+03   0.0000000e+00   0.0000000e+00
   1.0400000e+02   1.2806472e+04   5.8720205e+04   2.3846280e+03   0.0000000e+00   1.0000000e+00
   1.0500000e+02   1.3090419e+04   5.0889450e+04   6.5634831e+02   1.0000000e+00   1.0000000e+00
   1.0600000e+02   5.9552540e+03   9.6614131e+04   8.2055320e+03   1.0000000e+00   0.0000000e+00
   1.0700000e+02   9.2841744e+04   1.6073160e+04   5.0243106e+03   0.0000000e+00   0.0000000e+00
   1.0800000e+02   4.8254752e+04   4.5291034e+04   3.0497079e+03   0.0000000e+00   1.0000000e+00
   1.0900000e+02   5.4400192e+04   1.7053561e+04   7.4602013e+03   1.0000000e+00   0.0000000e+00
   1.1000000e+02   8.3522467e+04   7.4687817e+04   6.5416509e+02   1.0000000e+00   0.0000000e+00
   1.1100000e+02   3.9222524e+04   6.1089968e+03   4.0555647e+03   1.0000000e+00   0.0000000e+00
   1.1200000e+02   4.0921494e+04   2.9165756e+04   6.5242158e+03   1.0000000e+00   0.0000000e+00
   1.1300000e+02   6.2044209e+04   4.9407427e+03   3.0767572e+03   1.0000000e+00   0.0000000e+00
   1.1400000e+02   1.7780024e+04   5.2287882e+04   5.4251827e+03   1.0000000e+00   1.0000000e+00
   1.1500000e+02   5.7413357e+04   6.0947742e+04   2.9013405e+03   0.0000000e+00   1.0000000e+00
   1.1600000e+02   3.9985495e+04   3.3163924e+04   7.3875728e+03   0.0000000e+00   0.0000000e+00
   1.1700000e+02   5.3959974e+04   2.2388161e+04   8.2380816e+03   0.0000000e+00   0.0000000e+00
   1.1800000e+02   9.7839013e+04   9.8443775e+04   6.6661673e+03   1.0000000e+00   0.0000000e+00
   1.1900000e+02   4.8746764e+04   4.3917417e+04   5.0456709e+03   1.0000000e+00   1.0000000e+00
   1.2000000e+02   9.2962581e+04   4.0597668e+04   9.2022115e+03   1.0000000e+00   0.0000000e+00
   1.2100000e+02   4.4286204e+04   5.7515647e+04   7.1182783e+03   0.0000000e+00   1.0000000e+00
   1.2200000e+02   7.1773322e+04   1.5915853e+04   4.7202837e+03   1.0000000e+00   0.0000000e+00
   1.2300000e+02   4.7236336e+04   6.1603807e+04   5.3229261e+03   1.0000000e+00   1.0000000e+00
   1.2400000e+02   9.7583488e+04   6.9943328e+04   8.8450545e+03   1.0000000e+00   0.0000000e+00
   1.2500000e+02   4.7865286e+04   5.2563746e+04   9.5071703e+03   0.0000000e+00   0.0000000e+00
   1.2600000e+02   3.4078526e+04   4.0696003e+04   9.5265809e+03   1.0000000e+00   0.0000000e+00
   1.2700000e+02   5.3788372e+03   9.4384501e+04   3.3556126e+03   0.0000000e+00   0.0000000e+00
   1.2800000e+02   2.1953978e+04   5.5862256e+04   1.4726500e+03   1.0000000e+00   1.0000000e+00
   1.2900000e+02   9.4301564e+04   2.9458037e+04   1.8229846e+03   1.0000000e+00   0.0000000e+00
   1.3000000e+02   1.6551080e+04   9.5488796e+04   5.0651981e+03   0.0000000e+00   0.0000000e+00
   1.3100000e+02   1.9903676e+04   1.3075967e+04   5.1503004e+03   1.0000000e+00   0.0000000e+00
   1.3200000e+02   2.6997578e+04   2.6754068e+04   8.5878020e+03   1.0000000e+00   0.0000000e+00
   1.3300000e+02   2.3143007e+04   1.9507035e+04   2.2163588e+03   1.0000000e+00   0.0000000e+00
   1.3400000e+02   9.6920301e+04   1.7906841e+04   4.4357948e+03   1.0000000e+00   0.0000000e+00
   1.3500000e+02   9.9186898e+04   7.4360069e+04   4.7813549e+03   0.0000000e+00   1.0000000e+00
   1.3600000e+02   1.4766305e+03   6.2035440e+04   6.7729232e+03   1.0000000e+00   1.0000000e+00
   1.3700000e+02   2.4641026e+04   4.1360926e+04   6.1771566e+03   1.0000000e+00   1.0000000e+00
   1.3800000e+02   6.9060920e+04   6.8437678e+04   1.9874848e+03   0.0000000e+00   0.0000000e+00
   1.3900000e+02   8.8095621e+04   1.1736576e+04   3.8486220e+03   1.0000000e+00   0.0000000e+00
   1.4000000e+02   2.9597637e+03   5.4815731e+04   4.8098318e+03   1.0000000e+00   1.0000000e+00
   1.4100000e+02   9.2983809e+04   6.0814005e+04   5.2579795e+03   0.0000000e+00   0.0000000e+00
   1.4200000e+02   2.0241700e+04   8.7369408e+04   6.8466643e+03   0.0000000e+00   0.0000000e+00
   1.4300000e+02   5.3303877e+04   3.0687604e+04   2.2016275e+03   0.0000000e+00   0.0000000e+00
   1.4400000e+02   3.7473260e+04   1.2389269e+04   4.6348527e+03   0.0000000e+00   0.0000000e+00
   1.4500000e+02   4.0218989e+04   9.6011573e+04   3.6675458e+03   1.0000000e+00   0.0000000e+00
   1.4600000e+02   2.1834174e+04   3.1480092e+04   9.6269219e+03   1.0000000e+00   0.0000000e+00
   1.4700000e+02   2.5548057e+04   5.5122011e+03   6.2431616e+03   0.0000000e+00   0.0000000e+00
   1.4800000e+02   3.4670541e+04   7.1064477e+04   2.8915967e+03   1.0000000e+00   1.0000000e+00
   1.4900000e+02   2.5859468e+04   6.8211910e+04   8.2539699e+03   1.0000000e+00   1.0000000e+00
   1.5000000e+02   9.5239734e+03   5.5061825e+04   6.3925635e+03   0.0000000e+00   1.0000000e+00
   1.5100000e+02   3.9157887e+04   3.5743105e+04   5.2665514e+03   0.0000000e+00   0.0000000e+00
   1.5200000e+02   4.0649155e+02   1.2692620e+04   4.4587383e+03   1.0000000e+00   0.0000000e+00
   1.5300000e+02   7.5724746e+04   6.6652858e+03   9.3902818e+03   0.0000000e+00   0.0000000e+00
   1.5400000e+02   5.0905966e+04   8.7113154e+04   7.5167425e+02   0.0000000e+00   0.0000000e+00
   1.5500000e+02   3.1507654e+04   9.7024554e+04   6.3710746e+03   0.0000000e+00   0.0000000e+00
   1.5600000e+02   4.8630873e+04   7.9622375e+04   7.1765311e+03   1.0000000e+00   0.0000000e+00
   1.5700000e+02   2.9691011e+03   4.2260962e+04   9.5935429e+03   1.0000000e+00   0.0000000e+00
   1.5800000e+02   1.9400207e+04   6.7404367e+04   2.0776553e+03   0.0000000e+00   1.0000000e+00
   1.5900000e+02   7.1998124e+04   9.1015232e+04   8.4169191e+03   0.0000000e+00   0.0000000e+00
   1.6000000e+02   6.4420221e+04   6.4125826e+04   5.3210606e+03   1.0000000e+00   1.0000000e+00
   1.6100000e+02   9.3293729e+04   6.7328270e+04   6.6134762e+03   0.0000000e+00   1.0000000e+00
   1.6200000e+02   1.3020073e+04   6.6713275e+04   5.9933043e+03   0.0000000e+00   1.0000000e+00
   1.6300000e+02   1.2712837e+04   5.3865145e+04   4.8875463e+03   0.0000000e+00   1.0000000e+00
   1.6400000e+02   6.1434823e+04   7.9512674e+04   7.3626960e+03   1.0000000e+00   0.0000000e+00
   1.6500000e+02   5.7399417e+04   8.1083230e+03   4.8223398e+03   0.0000000e+00   0.0000000e+00
   1.6600000e+02   9.0959623e+04   8.0891808e+04   5.3830766e+03   1.0000000e+00   0.0000000e+00
   1.6700000e+02   5.7743593e+04   4.0267536e+04   1.8123433e+03   1.0000000e+00   0.0000000e+00
   1.6800000e+02   5.1880030e+04   5.1866707e+04   2.8688032e+03   1.0000000e+00   1.0000000e+00
   1.6900000e+02   5.3558734e+03   4.2648170e+04   6.7911334e+03   0.0000000e+00   0.0000000e+00
   1.7000000e+02   4.8315135e+04   6.4174401e+04   4.2315562e+03   0.0000000e+00   1.0000000e+00
   1.7100000e+02   4.8611040e+04   4.6509254e+04   1.5344210e+03   0.0000000e+00   1.0000000e+00
   1.7200000e+02   1.6443465e+04   9.8754632e+04   1.9499620e+03   1.0000000e+00   0.0000000e+00
   1.7300000e+02   2.3240641e+04   6.7282809e+04   3.9357322e+03   1.0000000e+00   1.0000000e+00
   1.7400000e+02   5.5636183e+04   7.5135503e+04   6.6110807e+03   1.0000000e+00   1.0000000e+00
   1.7500000e+02   7.4854093e+04   6.1225617e+04   9.0256126e+03   1.0000000e+00   0.0000000e+00
   1.7600000e+02   2.8909486e+04   6.0754756e+04   1.8110606e+03   1.0000000e+00   1.0000000e+00
   1.7700000e+02   7.5314314e+04   8.1275697e+04   4.7569252e+03   1.0000000e+00   0.0000000e+00
   1.7800000e+02   8.9812078e+04   1.5796762e+04   6.1431339e+03   1.0000000e+00   0.0000000e+00
   1.7900000e+02   4.2261360e+04   5.5295201e+03   9.7658613e+03   0.0000000e+00   0.0000000e+00
   1.8000000e+02   1.2122444e+04   6.6304039e+04   3.5183860e+03   1.0000000e+00   1.0000000e+00
   1.8100000e+02   6.4352578e+04   5.6211877e+04   5.3294694e+03   1.0000000e+00   0.0000000e+00
   1.8200000e+02   1.2376069e+04   7.2197365e+04   9.7590066e+03   1.0000000e+00   1.0000000e+00
   1.8300000e+02   5.8893535e+04   8.1691107e+02   4.6424495e+03   1.0000000e+00   0.0000000e+00
   1.8400000e+02   1.8820419e+03   5.2353788e+04   5.4884029e+03   0.0000000e+00   1.0000000e+00
   1.8500000e+02   2.4846714e+04   1.3423020e+04   1.4925699e+03   1.0000000e+00   0.0000000e+00
   1.8600000e+02   8.0796308e+04   5.0156280e+04   9.2705147e+03   1.0000000e+00   0.0000000e+00
   1.8700000e+02   7.8120962e+04   7.2875155e+04   9.1687318e+03   1.0000000e+00   0.0000000e+00
   1.8800000e+02   2.2946425e+04   5.0574530e+04   4.7270637e+03   0.0000000e+00   1.0000000e+00
   1.8900000e+02   5.1744076e+04   9.9940911e+03   3.7985276e+03   0.0000000e+00   0.0000000e+00
   1.9000000e+02   3.8903056e+04   3.9917095e+04   3.9128455e+03   1.0000000e+00   1.0000000e+00
   1.9100000e+02   6.6212898e+04   6.5927824e+04   5.2652429e+03   0.0000000e+00   1.0000000e+00
   1.9200000e+02   4.1107816e+04   9.2713135e+04   8.5981479e+03   0.0000000e+00   0.0000000e+00
   1.9300000e+02   7.0368515e+04   1.3362792e+04   5.9303046e+03   0.0000000e+00   0.0000000e+00
   1.9400000e+02   3.2919751e+04   4.1687170e+04   7.9123021e+02   0.0000000e+00   1.0000000e+00
   1.9500000e+02   2.8754852e+04   8.6940681e+04   1.3652194e+03   0.0000000e+00   0.0000000e+00
   1.9600000e+02   4.2192209e+04   4.5178583e+04   2.5589845e+03   0.0000000e+00   1.0000000e+00
   1.9700000e+02   3.9477614e+04   2.4667195e+04   5.7311544e+03   0.0000000e+00   0.0000000e+00
   1.9800000e+02   2.2477814e+04   4.1814074e+04   3.4372773e+03   0.0000000e+00   1.0000000e+00
   1.9900000e+02   7.8800665e+04   1.3830514e+04   5.8748903e+03   0.0000000e+00   0.0000000e+00
   2.0000000e+02   7.4266919e+04   1.3914852e+04   5.1507743e+03   0.0000000e+00   0.0000000e+00
   2.0100000e+02   7.5914520e+04   3.8312195e+04   9.2461345e+03   1.0000000e+00   0.0000000e+00
   2.0200000e+02   9.6410818e+04   4.5690969e+04   4.1221489e+03   0.0000000e+00   0.0000000e+00
   2.0300000e+02   7.7935310e+04   3.1116362e+04   8.7101610e+02   0.0000000e+00   0.0000000e+00
   2.0400000e+02   1.1317986e+04   9.7582587e+04   8.2911024e+03   0.0000000e+00   0.0000000e+00
   2.0500000e+02   4.0406150e+04   4.2602550e+04   8.2247854e+02   1.0000000e+00   1.0000000e+00
   2.0600000e+02   1.9666490e+04   1.1056035e+04   9.8426325e+03   1.0000000e+00   0.0000000e+00
   2.0700000e+02   6.2069325e+04   4.6590755e+04   3.3881126e+03   0.0000000e+00   0.0000000e+00
   2.0800000e+02   2.4222869e+04   5.9159154e+02   4.3481426e+03   0.0000000e+00   0.0000000e+00
   2.0900000e+02   2.0780276e+04   6.2873777e+04   5.9242075e+02   0.0000000e+00   1.0000000e+00
   2.1000000e+02   8.4330434e+04   8.4367935e+04   5.0553094e+03   1.0000000e+00   0.0000000e+00
   2.1100000e+02   6.7986884e+04   5.0271786e+04   9.5251979e+03   0.0000000e+00   0.0000000e+00
   2.1200000e+02   9.0042232e+04   8.2683178e+04   2.1063283e+03   0.0000000e+00   0.0000000e+00
   2.1300000e+02   5.7733176e+04   8.0362141e+04   6.9032493e+03   0.0000000e+00   0.0000000e+00
   2.1400000e+02   3.2948078e+04   1.4848551e+03   4.8154941e+03   1.0000000e+00   0.0000000e+00
   2.1500000e+02   4.6282432e+04   2.4274935e+04   1.9147394e+03   0.0000000e+00   0.0000000e+00
   2.1600000e+02   8.1244990e+04   5.0019323e+04   3.9032293e+03   1.0000000e+00   0.0000000e+00
   2.1700000e+02   9.6879211e+04   2.3625389e+04   7.9421169e+03   1.0000000e+00   0.0000000e+00
   2.1800000e+02   2.2327665e+04   7.3379170e+04   7.3323742e+03   1.0000000e+00   0.0000000e+00
   2.1900000e+02   8.0268754e+04   4.5220356e+04   5.9716971e+02   1.0000000e+00   0.0000000e+00
   2.2000000e+02   5.7887420e+04   1.9556324e+04   5.5053921e+03   0.0000000e+00   0.0000000e+00
   2.2100000e+02   5.9683745e+04   7.1771336e+04   3.0480623e+03   0.0000000e+00   1.0000000e+00
   2.2200000e+02   2.6842644e+04   5.7779426e+04   7.8039081e+03   1.0000000e+00   1.0000000e+00
   2.2300000e+02   8.3406362e+04   3.1002264e+04   5.3047553e+03   0.0000000e+00   0.0000000e+00
   2.2400000e+02   7.2690665e+04   9.8974301e+04   5.0044907e+03   0.0000000e+00   0.0000000e+00
   2.2500000e+02   3.4399020e+04   6.6253671e+04   5.6533039e+03   1.0000000e+00   1.0000000e+00
   2.2600000e+02   8.1169603e+03   6.4559156e+04   6.2544142e+03   0.0000000e+00   1.0000000e+00
   2.2700000e+02   3.2695294e+04   5.4845693e+04   3.0998572e+03   0.0000000e+00   1.0000000e+00
   2.2800000e+02   6.8030852e+04   2.2674179e+03   2.5254958e+03   0.0000000e+00   0.0000000e+00
   2.2900000e+02   3.4373380e+04   6.8125792e+04   9.4711765e+03   1.0000000e+00   1.0000000e+00
   2.3000000e+02   3.6505554e+04   6.3280960e+04   6.8527268e+03   0.0000000e+00   1.0000000e+00
   2.3100000e+02   5.5874100e+04   6.5143360e+04   6.7058281e+03   0.0000000e+00   1.0000000e+00
   2.3200000e+02   1.1783931e+04   1.1515526e+04   4.8404102e+03   1.0000000e+00   0.0000000e+00
   2.3300000e+02   9.2320172e+04   4.4654740e+04   7.9154127e+03   0.0000000e+00   0.0000000e+00
   2.3400000e+02   2.2266286e+04   5.2391964e+04   6.0532697e+03   0.0000000e+00   1.0000000e+00
   2.3500000e+02   1.9379638e+04   7.3139411e+04   4.1278448e+03   1.0000000e+00   0.0000000e+00
   2.3600000e+02   2.3837181e+04   2.1642348e+04   9.6852786e+02   0.0000000e+00   0.0000000e+00
   2.3700000e+02   1.1294291e+04   7.4262768e+04   6.3757867e+03   1.0000000e+00   0.0000000e+00
   2.3800000e+02   2.0308943e+04   5.3289138e+04   6.9885927e+03   1.0000000e+00   1.0000000e+00
   2.3900000e+02   4.8994539e+04   9.4087221e+04   4.5503005e+02   0.0000000e+00   0.0000000e+00
   2.4000000e+02   8.1758751e+04   2.5855448e+04   4.9883299e+03   0.0000000e+00   0.0000000e+00
   2.4100000e+02   1.2615405e+04   9.4783398e+04   8.1632332e+03   0.0000000e+00   0.0000000e+00
   2.4200000e+02   6.1677323e+04   9.8312187e+04   6.6890748e+03   0.0000000e+00   0.0000000e+00
   2.4300000e+02   5.5301018e+04   3.8898811e+04   4.5836768e+03   0.0000000e+00   0.0000000e+00
   2.4400000e+02   7.0084155e+04   8.2580751e+04   9.9660173e+03   0.0000000e+00   0.0000000e+00
   2.4500000e+02   4.8186130e+03   7.9192344e+04   6.1026885e+03   0.0000000e+00   0.0000000e+00
   2.4600000e+02   7.5671409e+04   8.4853046e+04   7.5362295e+02   1.0000000e+00   0.0000000e+00
   2.4700000e+02   7.6993364e+04   7.6037258e+04   2.2151241e+03   1.0000000e+00   0.0000000e+00
   2.4800000e+02   2.9474781e+04   3.4659301e+04   2.2824495e+03   1.0000000e+00   0.0000000e+00
   2.4900000e+02   6.9462283e+04   4.2514448e+04   8.9118301e+03   0.0000000e+00   0.0000000e+00
   2.5000000e+02   4.9453639e+04   3.5125890e+04   4.5956030e+03   1.0000000e+00   0.0000000e+00
   2.5100000e+02   2.0323568e+04   4.6498177e+04   4.9336758e+03   0.0000000e+00   1.0000000e+00
   2.5200000e+02   7.8163113e+03   4.2356162e+04   3.0366210e+03   0.0000000e+00   0.0000000e+00
   2.5300000e+02   6.1465995e+04   3.0403118e+04   9.6876978e+03   1.0000000e+00   0.0000000e+00
   2.5400000e+02   8.4765333e+04   9.2537805e+04   9.6490102e+03   1.0000000e+00   0.0000000e+00
   2.5500000e+02   4.1660017e+04   6.7979104e+04   5.4817635e+03   0.0000000e+00   1.0000000e+00
   2.5600000e+02   3.0104435e+03   7.2303211e+04   2.7895047e+03   1.0000000e+00   0.0000000e+00
   2.5700000e+02   1.2147779e+04   8.9030794e+04   1.9988257e+03   1.0000000e+00   0.0000000e+00
   2.5800000e+02   4.4498037e+04   3.9082771e+04   4.2944261e+02   0.0000000e+00   0.0000000e+00
   2.5900000e+02   3.8030300e+03   7.1867426e+04   5.7670893e+03   0.0000000e+00   0.0000000e+00
   2.6000000e+02   8.1170756e+01   5.7233960e+04   9.1675723e+03   1.0000000e+00   1.0000000e+00
   2.6100000e+02   4.7832011e+04   1.8059311e+04   1.7020523e+03   0.0000000e+00   0.0000000e+00
   2.6200000e+02   6.5305813e+04   2.9357585e+04   7.0909033e+03   0.0000000e+00   0.0000000e+00
   2.6300000e+02   9.3846364e+04   3.2330952e+04   1.6590962e+03   0.0000000e+00   0.0000000e+00
   2.6400000e+02   1.9097336e+03   3.8390743e+04   9.2187356e+03   0.0000000e+00   0.0000000e+00
   2.6500000e+02   5.5300946e+04   5.6434170e+03   6.3186330e+03   1.0000000e+00   0.0000000e+00
   2.6600000e+02   1.2661357e+04   3.6676621e+04   5.8951922e+03   1.0000000e+00   0.0000000e+00
   2.6700000e+02   3.7818759e+04   6.5391549e+04   8.3413069e+02   0.0000000e+00   0.0000000e+00
   2.6800000e+02   4.2839377e+04   2.8758757e+04   7.4239417e+03   0.0000000e+00   0.0000000e+00
   2.6900000e+02   6.3434168e+04   6.8682195e+04   8.6873893e+02   0.0000000e+00   1.0000000e+00
   2.7000000e+02   1.8982925e+04   3.7086415e+04   4.9842897e+03   0.0000000e+00   0.0000000e+00
   2.7100000e+02   9.7219692e+03   6.6412876e+04   2.4878717e+03   0.0000000e+00   1.0000000e+00
   2.7200000e+02   9.8083659e+04   4.0558429e+04   2.7059161e+03   1.0000000e+00   0.0000000e+00
   2.7300000e+02   4.7247555e+04   2.8496012e+04   4.9780408e+03   1.0000000e+00   0.0000000e+00
   2.7400000e+02   7.2027393e+04   4.1299276e+04   9.0270400e+03   1.0000000e+00   0.0000000e+00
   2.7500000e+02   1.7494662e+03   5.4054884e+04   8.6174742e+03   1.0000000e+00   1.0000000e+00
   2.7600000e+02   7.7111444e+04   3.0904414e+04   9.6280806e+03   1.0000000e+00   0.0000000e+00
   2.7700000e+02   3.5437378e+04   8.5409318e+04   2.8022641e+03   0.0000000e+00   0.0000000e+00
   2.7800000e+02   2.7326014e+04   7.2320914e+03   7.1520216e+03   1.0000000e+00   0.0000000e+00
   2.7900000e+02   8.1849207e+04   5.9133233e+04   2.6581852e+03   0.0000000e+00   1.0000000e+00
   2.8000000e+02   1.5426505e+04   7.9050528e+04   6.3425552e+03   0.0000000e+00   0.0000000e+00
   2.8100000e+02   2.8778801e+04   1.5253379e+04   8.3318844e+03   1.0000000e+00   0.0000000e+00
   2.8200000e+02   8.7547095e+04   5.4849054e+04   4.5673217e+03   1.0000000e+00   0.0000000e+00
   2.8300000e+02   1.0973221e+04   9.8994303e+04   4.2071501e+03   0.0000000e+00   0.0000000e+00
   2.8400000e+02   8.4700788e+04   3.2370882e+04   2.8311307e+03   1.0000000e+00   0.0000000e+00
   2.8500000e+02   1.2983754e+03   3.7949363e+03   4.2241755e+03   1.0000000e+00   0.0000000e+00
   2.8600000e+02   8.4894784e+04   5.5515990e+03   6.5329448e+03   0.0000000e+00   0.0000000e+00
   2.8700000e+02   8.5208254e+04   6.9275426e+04   8.5100544e+02   1.0000000e+00   0.0000000e+00
   2.8800000e+02   5.7654528e+03   6.4775026e+04   4.8477006e+03   1.0000000e+00   1.0000000e+00
   2.8900000e+02   6.7298397e+04   8.0013017e+04   8.6990575e+02   1.0000000e+00   0.0000000e+00
   2.9000000e+02   1.8177861e+04   6.5412141e+04   8.3463354e+02   1.0000000e+00   1.0000000e+00
   2.9100000e+02   8.9731242e+04   6.2637808e+04   9.2816287e+03   1.0000000e+00   0.0000000e+00
   2.9200000e+02   9.3218471e+04   7.6188670e+04   4.6655574e+03   1.0000000e+00   0.0000000e+00
   2.9300000e+02   4.7540658e+04   8.6054075e+04   4.8927761e+03   0.0000000e+00   0.0000000e+00
   2.9400000e+02   9.2085064e+04   9.4335339e+04   8.1528580e+03   1.0000000e+00   0.0000000e+00
   2.9500000e+02   7.0985638e+04   9.2800412e+04   7.9201401e+03   1.0000000e+00   0.0000000e+00
   2.9600000e+02   4.2780271e+04   3.4071238e+04   2.4422071e+03   0.0000000e+00   0.0000000e+00
   2.9700000e+02   9.8094418e+04   1.9263677e+04   6.2577462e+03   0.0000000e+00   0.0000000e+00
   2.9800000e+02   4.9331583e+04   1.7977186e+04   8.2350389e+02   1.0000000e+00   0.0000000e+00
   2.9900000e+02   1.8132230e+04   9.9533362e+04   8.9331349e+03   0.0000000e+00   0.0000000e+00
   3.0000000e+02   6.0508680e+04   1.7501770e+04   6.8424347e+03   1.0000000e+00   0.0000000e+00
   3.0100000e+02   8.0155729e+04   6.2811072e+04   5.5111181e+03   1.0000000e+00   0.0000000e+00
   3.0200000e+02   8.9408073e+04   5.9205253e+04   7.7903204e+03   1.0000000e+00   1.0000000e+00
   3.0300000e+02   7.0381440e+04   9.9742624e+04   2.1140026e+03   0.0000000e+00   0.0000000e+00
   3.0400000e+02   4.1317470e+04   2.8859275e+04   2.2900490e+03   0.0000000e+00   0.0000000e+00
   3.0500000e+02   3.8934349e+04   5.7664732e+04   4.7923077e+03   0.0000000e+00   1.0000000e+00
   3.0600000e+02   9.2817626e+03   6.8944418e+04   6.6511692e+03   0.0000000e+00   1.0000000e+00
   3.0700000e+02   8.3584993e+03   8.6153950e+04   3.3602801e+03   1.0000000e+00   0.0000000e+00
   3.0800000e+02   2.6864863e+04   8.3999400e+04   4.9651030e+03   1.0000000e+00   0.0000000e+00
   3.0900000e+02   3.3371041e+04   5.9710966e+04   5.4909352e+03   1.0000000e+00   1.0000000e+00
   3.1000000e+02   2.4978353e+04   8.6396057e+04   7.0913776e+03   1.0000000e+00   0.0000000e+00
   3.1100000e+02   8.2748446e+04   7.9465113e+04   3.7756498e+03   1.0000000e+00   0.0000000e+00
   3.1200000e+02   9.7367786e+04   9.9555138e+04   5.7382170e+03   1.0000000e+00   0.0000000e+00
   3.1300000e+02   7.9576692e+04   8.1342204e+04   1.3085113e+03   0.0000000e+00   0.0000000e+00
   3.1400000e+02   5.1362093e+04   5.6648106e+04   3.0169274e+03   0.0000000e+00   1.0000000e+00
   3.1500000e+02   7.6104906e+04   7.0393449e+03   9.4849064e+03   1.0000000e+00   0.0000000e+00
   3.1600000e+02   6.7581970e+04   2.6708665e+04   6.7636873e+03   0.0000000e+00   0.0000000e+00
   3.1700000e+02   7.7444317e+04   9.1798590e+03   6.1077776e+03   1.0000000e+00   0.0000000e+00
   3.1800000e+02   5.1957209e+04   7.9425637e+04   2.6110839e+03   0.0000000e+00   0.0000000e+00
   3.1900000e+02   6.2628010e+04   3.7415698e+04   9.6067269e+03   0.0000000e+00   0.0000000e+00
   3.2000000e+02   5.5126585e+04   8.6886782e+04   6.8413414e+02   0.0000000e+00   0.0000000e+00
   3.2100000e+02   7.3644228e+04   5.3348910e+04   5.2130639e+03   1.0000000e+00   0.0000000e+00
   3.2200000e+02   7.9463092e+03   3.9584641e+04   5.7370667e+03   1.0000000e+00   0.0000000e+00
   3.2300000e+02   7.8846702e+04   7.3662652e+04   3.9069820e+03   1.0000000e+00   0.0000000e+00
   3.2400000e+02   6.3645560e+04   7.1435223e+04   6.2631291e+03   0.0000000e+00   1.0000000e+00
   3.2500000e+02   1.9134856e+04   8.5017867e+04   2.4345129e+03   0.0000000e+00   0.0000000e+00
   3.2600000e+02   1.0000000e+05   7.4860549e+04   5.4996111e+03             NaN   0.0000000e+00
